X.Date.Time,Year,Month,Day,Time,Temp...C.,Temp.Flag,Dew.Point.Temp...C.,Dew.Point.Temp.Flag,Rel.Hum....,Rel.Hum.Flag,Wind.Dir..10s.deg.,Wind.Dir.Flag,Wind.Spd..km.h.,Wind.Spd.Flag,Visibility..km.,Visibility.Flag,Stn.Press..kPa.,Stn.Press.Flag,Hmdx,Hmdx.Flag,Wind.Chill,Wind.Chill.Flag,Weather.,X.U.FEFF..Station.Name.,X.Province.
2009-02-01 00:00,2009,2,1,00:00,,,,,,,,,,,,,,,,,,,,HIGH FALLS,ONTARIO
2009-02-01 01:00,2009,2,1,01:00,,,,,,,,,,,,,,,,,,,,HIGH FALLS,ONTARIO
2009-02-01 02:00,2009,2,1,02:00,,,,,,,,,,,,,,,,,,,,HIGH FALLS,ONTARIO
2009-02-01 03:00,2009,2,1,03:00,,,,,,,,,,,,,,,,,,,,HIGH FALLS,ONTARIO
2009-02-01 04:00,2009,2,1,04:00,,,,,,,,,,,,,,,,,,,,HIGH FALLS,ONTARIO
2009-02-01 05:00,2009,2,1,05:00,,,,,,,,,,,,,,,,,,,,HIGH FALLS,ONTARIO
2009-02-01 06:00,2009,2,1,06:00,,,,,,,,,,,,,,,,,,,,HIGH FALLS,ONTARIO
2009-02-01 07:00,2009,2,1,07:00,,,,,,,,,,,,,,,,,,,,HIGH FALLS,ONTARIO
2009-02-01 08:00,2009,2,1,08:00,,,,,,,,,,,,,,,,,,,,HIGH FALLS,ONTARIO
2009-02-01 09:00,2009,2,1,09:00,,,,,,,,,,,,,,,,,,,,HIGH FALLS,ONTARIO
2009-02-01 10:00,2009,2,1,10:00,,,,,,,,,,,,,,,,,,,,HIGH FALLS,ONTARIO
2009-02-01 11:00,2009,2,1,11:00,,,,,,,,,,,,,,,,,,,,HIGH FALLS,ONTARIO
2009-02-01 12:00,2009,2,1,12:00,,,,,,,,,,,,,,,,,,,,HIGH FALLS,ONTARIO
2009-02-01 13:00,2009,2,1,13:00,,,,,,,,,,,,,,,,,,,,HIGH FALLS,ONTARIO
2009-02-01 14:00,2009,2,1,14:00,,,,,,,,,,,,,,,,,,,,HIGH FALLS,ONTARIO
2009-02-01 15:00,2009,2,1,15:00,,,,,,,,,,,,,,,,,,,,HIGH FALLS,ONTARIO
2009-02-01 16:00,2009,2,1,16:00,,,,,,,,,,,,,,,,,,,,HIGH FALLS,ONTARIO
2009-02-01 17:00,2009,2,1,17:00,,,,,,,,,,,,,,,,,,,,HIGH FALLS,ONTARIO
2009-02-01 18:00,2009,2,1,18:00,,,,,,,,,,,,,,,,,,,,HIGH FALLS,ONTARIO
2009-02-01 19:00,2009,2,1,19:00,,,,,,,,,,,,,,,,,,,,HIGH FALLS,ONTARIO
2009-02-01 20:00,2009,2,1,20:00,,,,,,,,,,,,,,,,,,,,HIGH FALLS,ONTARIO
2009-02-01 21:00,2009,2,1,21:00,,,,,,,,,,,,,,,,,,,,HIGH FALLS,ONTARIO
2009-02-01 22:00,2009,2,1,22:00,,,,,,,,,,,,,,,,,,,,HIGH FALLS,ONTARIO
2009-02-01 23:00,2009,2,1,23:00,,,,,,,,,,,,,,,,,,,,HIGH FALLS,ONTARIO
2009-02-02 00:00,2009,2,2,00:00,,,,,,,,,,,,,,,,,,,,HIGH FALLS,ONTARIO
2009-02-02 01:00,2009,2,2,01:00,,,,,,,,,,,,,,,,,,,,HIGH FALLS,ONTARIO
2009-02-02 02:00,2009,2,2,02:00,,,,,,,,,,,,,,,,,,,,HIGH FALLS,ONTARIO
2009-02-02 03:00,2009,2,2,03:00,,,,,,,,,,,,,,,,,,,,HIGH FALLS,ONTARIO
2009-02-02 04:00,2009,2,2,04:00,,,,,,,,,,,,,,,,,,,,HIGH FALLS,ONTARIO
2009-02-02 05:00,2009,2,2,05:00,,,,,,,,,,,,,,,,,,,,HIGH FALLS,ONTARIO
2009-02-02 06:00,2009,2,2,06:00,,,,,,,,,,,,,,,,,,,,HIGH FALLS,ONTARIO
2009-02-02 07:00,2009,2,2,07:00,,,,,,,,,,,,,,,,,,,,HIGH FALLS,ONTARIO
2009-02-02 08:00,2009,2,2,08:00,,,,,,,,,,,,,,,,,,,,HIGH FALLS,ONTARIO
2009-02-02 09:00,2009,2,2,09:00,,,,,,,,,,,,,,,,,,,,HIGH FALLS,ONTARIO
2009-02-02 10:00,2009,2,2,10:00,,,,,,,,,,,,,,,,,,,,HIGH FALLS,ONTARIO
2009-02-02 11:00,2009,2,2,11:00,,,,,,,,,,,,,,,,,,,,HIGH FALLS,ONTARIO
2009-02-02 12:00,2009,2,2,12:00,,,,,,,,,,,,,,,,,,,,HIGH FALLS,ONTARIO
2009-02-02 13:00,2009,2,2,13:00,,,,,,,,,,,,,,,,,,,,HIGH FALLS,ONTARIO
2009-02-02 14:00,2009,2,2,14:00,,,,,,,,,,,,,,,,,,,,HIGH FALLS,ONTARIO
2009-02-02 15:00,2009,2,2,15:00,,,,,,,,,,,,,,,,,,,,HIGH FALLS,ONTARIO
2009-02-02 16:00,2009,2,2,16:00,,,,,,,,,,,,,,,,,,,,HIGH FALLS,ONTARIO
2009-02-02 17:00,2009,2,2,17:00,,,,,,,,,,,,,,,,,,,,HIGH FALLS,ONTARIO
2009-02-02 18:00,2009,2,2,18:00,,,,,,,,,,,,,,,,,,,,HIGH FALLS,ONTARIO
2009-02-02 19:00,2009,2,2,19:00,,,,,,,,,,,,,,,,,,,,HIGH FALLS,ONTARIO
2009-02-02 20:00,2009,2,2,20:00,,,,,,,,,,,,,,,,,,,,HIGH FALLS,ONTARIO
2009-02-02 21:00,2009,2,2,21:00,,,,,,,,,,,,,,,,,,,,HIGH FALLS,ONTARIO
2009-02-02 22:00,2009,2,2,22:00,,,,,,,,,,,,,,,,,,,,HIGH FALLS,ONTARIO
2009-02-02 23:00,2009,2,2,23:00,,,,,,,,,,,,,,,,,,,,HIGH FALLS,ONTARIO
2009-02-03 00:00,2009,2,3,00:00,,,,,,,,,,,,,,,,,,,,HIGH FALLS,ONTARIO
2009-02-03 01:00,2009,2,3,01:00,,,,,,,,,,,,,,,,,,,,HIGH FALLS,ONTARIO
2009-02-03 02:00,2009,2,3,02:00,,,,,,,,,,,,,,,,,,,,HIGH FALLS,ONTARIO
2009-02-03 03:00,2009,2,3,03:00,,,,,,,,,,,,,,,,,,,,HIGH FALLS,ONTARIO
2009-02-03 04:00,2009,2,3,04:00,,,,,,,,,,,,,,,,,,,,HIGH FALLS,ONTARIO
2009-02-03 05:00,2009,2,3,05:00,,,,,,,,,,,,,,,,,,,,HIGH FALLS,ONTARIO
2009-02-03 06:00,2009,2,3,06:00,,,,,,,,,,,,,,,,,,,,HIGH FALLS,ONTARIO
2009-02-03 07:00,2009,2,3,07:00,,,,,,,,,,,,,,,,,,,,HIGH FALLS,ONTARIO
2009-02-03 08:00,2009,2,3,08:00,,,,,,,,,,,,,,,,,,,,HIGH FALLS,ONTARIO
2009-02-03 09:00,2009,2,3,09:00,,,,,,,,,,,,,,,,,,,,HIGH FALLS,ONTARIO
2009-02-03 10:00,2009,2,3,10:00,,,,,,,,,,,,,,,,,,,,HIGH FALLS,ONTARIO
2009-02-03 11:00,2009,2,3,11:00,,,,,,,,,,,,,,,,,,,,HIGH FALLS,ONTARIO
2009-02-03 12:00,2009,2,3,12:00,,,,,,,,,,,,,,,,,,,,HIGH FALLS,ONTARIO
2009-02-03 13:00,2009,2,3,13:00,,,,,,,,,,,,,,,,,,,,HIGH FALLS,ONTARIO
2009-02-03 14:00,2009,2,3,14:00,,,,,,,,,,,,,,,,,,,,HIGH FALLS,ONTARIO
2009-02-03 15:00,2009,2,3,15:00,,,,,,,,,,,,,,,,,,,,HIGH FALLS,ONTARIO
2009-02-03 16:00,2009,2,3,16:00,,,,,,,,,,,,,,,,,,,,HIGH FALLS,ONTARIO
2009-02-03 17:00,2009,2,3,17:00,,,,,,,,,,,,,,,,,,,,HIGH FALLS,ONTARIO
2009-02-03 18:00,2009,2,3,18:00,,,,,,,,,,,,,,,,,,,,HIGH FALLS,ONTARIO
2009-02-03 19:00,2009,2,3,19:00,,,,,,,,,,,,,,,,,,,,HIGH FALLS,ONTARIO
2009-02-03 20:00,2009,2,3,20:00,,,,,,,,,,,,,,,,,,,,HIGH FALLS,ONTARIO
2009-02-03 21:00,2009,2,3,21:00,,,,,,,,,,,,,,,,,,,,HIGH FALLS,ONTARIO
2009-02-03 22:00,2009,2,3,22:00,,,,,,,,,,,,,,,,,,,,HIGH FALLS,ONTARIO
2009-02-03 23:00,2009,2,3,23:00,,,,,,,,,,,,,,,,,,,,HIGH FALLS,ONTARIO
2009-02-04 00:00,2009,2,4,00:00,,,,,,,,,,,,,,,,,,,,HIGH FALLS,ONTARIO
2009-02-04 01:00,2009,2,4,01:00,,,,,,,,,,,,,,,,,,,,HIGH FALLS,ONTARIO
2009-02-04 02:00,2009,2,4,02:00,,,,,,,,,,,,,,,,,,,,HIGH FALLS,ONTARIO
2009-02-04 03:00,2009,2,4,03:00,,,,,,,,,,,,,,,,,,,,HIGH FALLS,ONTARIO
2009-02-04 04:00,2009,2,4,04:00,,,,,,,,,,,,,,,,,,,,HIGH FALLS,ONTARIO
2009-02-04 05:00,2009,2,4,05:00,,,,,,,,,,,,,,,,,,,,HIGH FALLS,ONTARIO
2009-02-04 06:00,2009,2,4,06:00,,,,,,,,,,,,,,,,,,,,HIGH FALLS,ONTARIO
2009-02-04 07:00,2009,2,4,07:00,,,,,,,,,,,,,,,,,,,,HIGH FALLS,ONTARIO
2009-02-04 08:00,2009,2,4,08:00,,,,,,,,,,,,,,,,,,,,HIGH FALLS,ONTARIO
2009-02-04 09:00,2009,2,4,09:00,,,,,,,,,,,,,,,,,,,,HIGH FALLS,ONTARIO
2009-02-04 10:00,2009,2,4,10:00,,,,,,,,,,,,,,,,,,,,HIGH FALLS,ONTARIO
2009-02-04 11:00,2009,2,4,11:00,,,,,,,,,,,,,,,,,,,,HIGH FALLS,ONTARIO
2009-02-04 12:00,2009,2,4,12:00,,,,,,,,,,,,,,,,,,,,HIGH FALLS,ONTARIO
2009-02-04 13:00,2009,2,4,13:00,,,,,,,,,,,,,,,,,,,,HIGH FALLS,ONTARIO
2009-02-04 14:00,2009,2,4,14:00,,,,,,,,,,,,,,,,,,,,HIGH FALLS,ONTARIO
2009-02-04 15:00,2009,2,4,15:00,,,,,,,,,,,,,,,,,,,,HIGH FALLS,ONTARIO
2009-02-04 16:00,2009,2,4,16:00,,,,,,,,,,,,,,,,,,,,HIGH FALLS,ONTARIO
2009-02-04 17:00,2009,2,4,17:00,,,,,,,,,,,,,,,,,,,,HIGH FALLS,ONTARIO
2009-02-04 18:00,2009,2,4,18:00,,,,,,,,,,,,,,,,,,,,HIGH FALLS,ONTARIO
2009-02-04 19:00,2009,2,4,19:00,,,,,,,,,,,,,,,,,,,,HIGH FALLS,ONTARIO
2009-02-04 20:00,2009,2,4,20:00,,,,,,,,,,,,,,,,,,,,HIGH FALLS,ONTARIO
2009-02-04 21:00,2009,2,4,21:00,,,,,,,,,,,,,,,,,,,,HIGH FALLS,ONTARIO
2009-02-04 22:00,2009,2,4,22:00,,,,,,,,,,,,,,,,,,,,HIGH FALLS,ONTARIO
2009-02-04 23:00,2009,2,4,23:00,,,,,,,,,,,,,,,,,,,,HIGH FALLS,ONTARIO
2009-02-05 00:00,2009,2,5,00:00,,,,,,,,,,,,,,,,,,,,HIGH FALLS,ONTARIO
2009-02-05 01:00,2009,2,5,01:00,,,,,,,,,,,,,,,,,,,,HIGH FALLS,ONTARIO
2009-02-05 02:00,2009,2,5,02:00,,,,,,,,,,,,,,,,,,,,HIGH FALLS,ONTARIO
2009-02-05 03:00,2009,2,5,03:00,,,,,,,,,,,,,,,,,,,,HIGH FALLS,ONTARIO
2009-02-05 04:00,2009,2,5,04:00,,,,,,,,,,,,,,,,,,,,HIGH FALLS,ONTARIO
2009-02-05 05:00,2009,2,5,05:00,,,,,,,,,,,,,,,,,,,,HIGH FALLS,ONTARIO
2009-02-05 06:00,2009,2,5,06:00,,,,,,,,,,,,,,,,,,,,HIGH FALLS,ONTARIO
2009-02-05 07:00,2009,2,5,07:00,,,,,,,,,,,,,,,,,,,,HIGH FALLS,ONTARIO
2009-02-05 08:00,2009,2,5,08:00,,,,,,,,,,,,,,,,,,,,HIGH FALLS,ONTARIO
2009-02-05 09:00,2009,2,5,09:00,,,,,,,,,,,,,,,,,,,,HIGH FALLS,ONTARIO
2009-02-05 10:00,2009,2,5,10:00,,,,,,,,,,,,,,,,,,,,HIGH FALLS,ONTARIO
2009-02-05 11:00,2009,2,5,11:00,,,,,,,,,,,,,,,,,,,,HIGH FALLS,ONTARIO
2009-02-05 12:00,2009,2,5,12:00,,,,,,,,,,,,,,,,,,,,HIGH FALLS,ONTARIO
2009-02-05 13:00,2009,2,5,13:00,,,,,,,,,,,,,,,,,,,,HIGH FALLS,ONTARIO
2009-02-05 14:00,2009,2,5,14:00,,,,,,,,,,,,,,,,,,,,HIGH FALLS,ONTARIO
2009-02-05 15:00,2009,2,5,15:00,,,,,,,,,,,,,,,,,,,,HIGH FALLS,ONTARIO
2009-02-05 16:00,2009,2,5,16:00,,,,,,,,,,,,,,,,,,,,HIGH FALLS,ONTARIO
2009-02-05 17:00,2009,2,5,17:00,,,,,,,,,,,,,,,,,,,,HIGH FALLS,ONTARIO
2009-02-05 18:00,2009,2,5,18:00,,,,,,,,,,,,,,,,,,,,HIGH FALLS,ONTARIO
2009-02-05 19:00,2009,2,5,19:00,,,,,,,,,,,,,,,,,,,,HIGH FALLS,ONTARIO
2009-02-05 20:00,2009,2,5,20:00,,,,,,,,,,,,,,,,,,,,HIGH FALLS,ONTARIO
2009-02-05 21:00,2009,2,5,21:00,,,,,,,,,,,,,,,,,,,,HIGH FALLS,ONTARIO
2009-02-05 22:00,2009,2,5,22:00,,,,,,,,,,,,,,,,,,,,HIGH FALLS,ONTARIO
2009-02-05 23:00,2009,2,5,23:00,,,,,,,,,,,,,,,,,,,,HIGH FALLS,ONTARIO
2009-02-06 00:00,2009,2,6,00:00,,,,,,,,,,,,,,,,,,,,HIGH FALLS,ONTARIO
2009-02-06 01:00,2009,2,6,01:00,,,,,,,,,,,,,,,,,,,,HIGH FALLS,ONTARIO
2009-02-06 02:00,2009,2,6,02:00,,,,,,,,,,,,,,,,,,,,HIGH FALLS,ONTARIO
2009-02-06 03:00,2009,2,6,03:00,,,,,,,,,,,,,,,,,,,,HIGH FALLS,ONTARIO
2009-02-06 04:00,2009,2,6,04:00,,,,,,,,,,,,,,,,,,,,HIGH FALLS,ONTARIO
2009-02-06 05:00,2009,2,6,05:00,,,,,,,,,,,,,,,,,,,,HIGH FALLS,ONTARIO
2009-02-06 06:00,2009,2,6,06:00,,,,,,,,,,,,,,,,,,,,HIGH FALLS,ONTARIO
2009-02-06 07:00,2009,2,6,07:00,,,,,,,,,,,,,,,,,,,,HIGH FALLS,ONTARIO
2009-02-06 08:00,2009,2,6,08:00,,,,,,,,,,,,,,,,,,,,HIGH FALLS,ONTARIO
2009-02-06 09:00,2009,2,6,09:00,,,,,,,,,,,,,,,,,,,,HIGH FALLS,ONTARIO
2009-02-06 10:00,2009,2,6,10:00,,,,,,,,,,,,,,,,,,,,HIGH FALLS,ONTARIO
2009-02-06 11:00,2009,2,6,11:00,,,,,,,,,,,,,,,,,,,,HIGH FALLS,ONTARIO
2009-02-06 12:00,2009,2,6,12:00,,,,,,,,,,,,,,,,,,,,HIGH FALLS,ONTARIO
2009-02-06 13:00,2009,2,6,13:00,,,,,,,,,,,,,,,,,,,,HIGH FALLS,ONTARIO
2009-02-06 14:00,2009,2,6,14:00,,,,,,,,,,,,,,,,,,,,HIGH FALLS,ONTARIO
2009-02-06 15:00,2009,2,6,15:00,,,,,,,,,,,,,,,,,,,,HIGH FALLS,ONTARIO
2009-02-06 16:00,2009,2,6,16:00,,,,,,,,,,,,,,,,,,,,HIGH FALLS,ONTARIO
2009-02-06 17:00,2009,2,6,17:00,,,,,,,,,,,,,,,,,,,,HIGH FALLS,ONTARIO
2009-02-06 18:00,2009,2,6,18:00,,,,,,,,,,,,,,,,,,,,HIGH FALLS,ONTARIO
2009-02-06 19:00,2009,2,6,19:00,,,,,,,,,,,,,,,,,,,,HIGH FALLS,ONTARIO
2009-02-06 20:00,2009,2,6,20:00,,,,,,,,,,,,,,,,,,,,HIGH FALLS,ONTARIO
2009-02-06 21:00,2009,2,6,21:00,,,,,,,,,,,,,,,,,,,,HIGH FALLS,ONTARIO
2009-02-06 22:00,2009,2,6,22:00,,,,,,,,,,,,,,,,,,,,HIGH FALLS,ONTARIO
2009-02-06 23:00,2009,2,6,23:00,,,,,,,,,,,,,,,,,,,,HIGH FALLS,ONTARIO
2009-02-07 00:00,2009,2,7,00:00,,,,,,,,,,,,,,,,,,,,HIGH FALLS,ONTARIO
2009-02-07 01:00,2009,2,7,01:00,,,,,,,,,,,,,,,,,,,,HIGH FALLS,ONTARIO
2009-02-07 02:00,2009,2,7,02:00,,,,,,,,,,,,,,,,,,,,HIGH FALLS,ONTARIO
2009-02-07 03:00,2009,2,7,03:00,,,,,,,,,,,,,,,,,,,,HIGH FALLS,ONTARIO
2009-02-07 04:00,2009,2,7,04:00,,,,,,,,,,,,,,,,,,,,HIGH FALLS,ONTARIO
2009-02-07 05:00,2009,2,7,05:00,,,,,,,,,,,,,,,,,,,,HIGH FALLS,ONTARIO
2009-02-07 06:00,2009,2,7,06:00,,,,,,,,,,,,,,,,,,,,HIGH FALLS,ONTARIO
2009-02-07 07:00,2009,2,7,07:00,,,,,,,,,,,,,,,,,,,,HIGH FALLS,ONTARIO
2009-02-07 08:00,2009,2,7,08:00,,,,,,,,,,,,,,,,,,,,HIGH FALLS,ONTARIO
2009-02-07 09:00,2009,2,7,09:00,,,,,,,,,,,,,,,,,,,,HIGH FALLS,ONTARIO
2009-02-07 10:00,2009,2,7,10:00,,,,,,,,,,,,,,,,,,,,HIGH FALLS,ONTARIO
2009-02-07 11:00,2009,2,7,11:00,,,,,,,,,,,,,,,,,,,,HIGH FALLS,ONTARIO
2009-02-07 12:00,2009,2,7,12:00,,,,,,,,,,,,,,,,,,,,HIGH FALLS,ONTARIO
2009-02-07 13:00,2009,2,7,13:00,,,,,,,,,,,,,,,,,,,,HIGH FALLS,ONTARIO
2009-02-07 14:00,2009,2,7,14:00,,,,,,,,,,,,,,,,,,,,HIGH FALLS,ONTARIO
2009-02-07 15:00,2009,2,7,15:00,,,,,,,,,,,,,,,,,,,,HIGH FALLS,ONTARIO
2009-02-07 16:00,2009,2,7,16:00,,,,,,,,,,,,,,,,,,,,HIGH FALLS,ONTARIO
2009-02-07 17:00,2009,2,7,17:00,,,,,,,,,,,,,,,,,,,,HIGH FALLS,ONTARIO
2009-02-07 18:00,2009,2,7,18:00,,,,,,,,,,,,,,,,,,,,HIGH FALLS,ONTARIO
2009-02-07 19:00,2009,2,7,19:00,,,,,,,,,,,,,,,,,,,,HIGH FALLS,ONTARIO
2009-02-07 20:00,2009,2,7,20:00,,,,,,,,,,,,,,,,,,,,HIGH FALLS,ONTARIO
2009-02-07 21:00,2009,2,7,21:00,,,,,,,,,,,,,,,,,,,,HIGH FALLS,ONTARIO
2009-02-07 22:00,2009,2,7,22:00,,,,,,,,,,,,,,,,,,,,HIGH FALLS,ONTARIO
2009-02-07 23:00,2009,2,7,23:00,,,,,,,,,,,,,,,,,,,,HIGH FALLS,ONTARIO
2009-02-08 00:00,2009,2,8,00:00,,,,,,,,,,,,,,,,,,,,HIGH FALLS,ONTARIO
2009-02-08 01:00,2009,2,8,01:00,,,,,,,,,,,,,,,,,,,,HIGH FALLS,ONTARIO
2009-02-08 02:00,2009,2,8,02:00,,,,,,,,,,,,,,,,,,,,HIGH FALLS,ONTARIO
2009-02-08 03:00,2009,2,8,03:00,,,,,,,,,,,,,,,,,,,,HIGH FALLS,ONTARIO
2009-02-08 04:00,2009,2,8,04:00,,,,,,,,,,,,,,,,,,,,HIGH FALLS,ONTARIO
2009-02-08 05:00,2009,2,8,05:00,,,,,,,,,,,,,,,,,,,,HIGH FALLS,ONTARIO
2009-02-08 06:00,2009,2,8,06:00,,,,,,,,,,,,,,,,,,,,HIGH FALLS,ONTARIO
2009-02-08 07:00,2009,2,8,07:00,,,,,,,,,,,,,,,,,,,,HIGH FALLS,ONTARIO
2009-02-08 08:00,2009,2,8,08:00,,,,,,,,,,,,,,,,,,,,HIGH FALLS,ONTARIO
2009-02-08 09:00,2009,2,8,09:00,,,,,,,,,,,,,,,,,,,,HIGH FALLS,ONTARIO
2009-02-08 10:00,2009,2,8,10:00,,,,,,,,,,,,,,,,,,,,HIGH FALLS,ONTARIO
2009-02-08 11:00,2009,2,8,11:00,,,,,,,,,,,,,,,,,,,,HIGH FALLS,ONTARIO
2009-02-08 12:00,2009,2,8,12:00,,,,,,,,,,,,,,,,,,,,HIGH FALLS,ONTARIO
2009-02-08 13:00,2009,2,8,13:00,,,,,,,,,,,,,,,,,,,,HIGH FALLS,ONTARIO
2009-02-08 14:00,2009,2,8,14:00,,,,,,,,,,,,,,,,,,,,HIGH FALLS,ONTARIO
2009-02-08 15:00,2009,2,8,15:00,,,,,,,,,,,,,,,,,,,,HIGH FALLS,ONTARIO
2009-02-08 16:00,2009,2,8,16:00,,,,,,,,,,,,,,,,,,,,HIGH FALLS,ONTARIO
2009-02-08 17:00,2009,2,8,17:00,,,,,,,,,,,,,,,,,,,,HIGH FALLS,ONTARIO
2009-02-08 18:00,2009,2,8,18:00,,,,,,,,,,,,,,,,,,,,HIGH FALLS,ONTARIO
2009-02-08 19:00,2009,2,8,19:00,,,,,,,,,,,,,,,,,,,,HIGH FALLS,ONTARIO
2009-02-08 20:00,2009,2,8,20:00,,,,,,,,,,,,,,,,,,,,HIGH FALLS,ONTARIO
2009-02-08 21:00,2009,2,8,21:00,,,,,,,,,,,,,,,,,,,,HIGH FALLS,ONTARIO
2009-02-08 22:00,2009,2,8,22:00,,,,,,,,,,,,,,,,,,,,HIGH FALLS,ONTARIO
2009-02-08 23:00,2009,2,8,23:00,,,,,,,,,,,,,,,,,,,,HIGH FALLS,ONTARIO
2009-02-09 00:00,2009,2,9,00:00,,,,,,,,,,,,,,,,,,,,HIGH FALLS,ONTARIO
2009-02-09 01:00,2009,2,9,01:00,,,,,,,,,,,,,,,,,,,,HIGH FALLS,ONTARIO
2009-02-09 02:00,2009,2,9,02:00,,,,,,,,,,,,,,,,,,,,HIGH FALLS,ONTARIO
2009-02-09 03:00,2009,2,9,03:00,,,,,,,,,,,,,,,,,,,,HIGH FALLS,ONTARIO
2009-02-09 04:00,2009,2,9,04:00,,,,,,,,,,,,,,,,,,,,HIGH FALLS,ONTARIO
2009-02-09 05:00,2009,2,9,05:00,,,,,,,,,,,,,,,,,,,,HIGH FALLS,ONTARIO
2009-02-09 06:00,2009,2,9,06:00,,,,,,,,,,,,,,,,,,,,HIGH FALLS,ONTARIO
2009-02-09 07:00,2009,2,9,07:00,,,,,,,,,,,,,,,,,,,,HIGH FALLS,ONTARIO
2009-02-09 08:00,2009,2,9,08:00,,,,,,,,,,,,,,,,,,,,HIGH FALLS,ONTARIO
2009-02-09 09:00,2009,2,9,09:00,,,,,,,,,,,,,,,,,,,,HIGH FALLS,ONTARIO
2009-02-09 10:00,2009,2,9,10:00,,,,,,,,,,,,,,,,,,,,HIGH FALLS,ONTARIO
2009-02-09 11:00,2009,2,9,11:00,,,,,,,,,,,,,,,,,,,,HIGH FALLS,ONTARIO
2009-02-09 12:00,2009,2,9,12:00,,,,,,,,,,,,,,,,,,,,HIGH FALLS,ONTARIO
2009-02-09 13:00,2009,2,9,13:00,,,,,,,,,,,,,,,,,,,,HIGH FALLS,ONTARIO
2009-02-09 14:00,2009,2,9,14:00,,,,,,,,,,,,,,,,,,,,HIGH FALLS,ONTARIO
2009-02-09 15:00,2009,2,9,15:00,,,,,,,,,,,,,,,,,,,,HIGH FALLS,ONTARIO
2009-02-09 16:00,2009,2,9,16:00,,,,,,,,,,,,,,,,,,,,HIGH FALLS,ONTARIO
2009-02-09 17:00,2009,2,9,17:00,,,,,,,,,,,,,,,,,,,,HIGH FALLS,ONTARIO
2009-02-09 18:00,2009,2,9,18:00,,,,,,,,,,,,,,,,,,,,HIGH FALLS,ONTARIO
2009-02-09 19:00,2009,2,9,19:00,,,,,,,,,,,,,,,,,,,,HIGH FALLS,ONTARIO
2009-02-09 20:00,2009,2,9,20:00,,,,,,,,,,,,,,,,,,,,HIGH FALLS,ONTARIO
2009-02-09 21:00,2009,2,9,21:00,,,,,,,,,,,,,,,,,,,,HIGH FALLS,ONTARIO
2009-02-09 22:00,2009,2,9,22:00,,,,,,,,,,,,,,,,,,,,HIGH FALLS,ONTARIO
2009-02-09 23:00,2009,2,9,23:00,,,,,,,,,,,,,,,,,,,,HIGH FALLS,ONTARIO
2009-02-10 00:00,2009,2,10,00:00,,,,,,,,,,,,,,,,,,,,HIGH FALLS,ONTARIO
2009-02-10 01:00,2009,2,10,01:00,,,,,,,,,,,,,,,,,,,,HIGH FALLS,ONTARIO
2009-02-10 02:00,2009,2,10,02:00,,,,,,,,,,,,,,,,,,,,HIGH FALLS,ONTARIO
2009-02-10 03:00,2009,2,10,03:00,,,,,,,,,,,,,,,,,,,,HIGH FALLS,ONTARIO
2009-02-10 04:00,2009,2,10,04:00,,,,,,,,,,,,,,,,,,,,HIGH FALLS,ONTARIO
2009-02-10 05:00,2009,2,10,05:00,,,,,,,,,,,,,,,,,,,,HIGH FALLS,ONTARIO
2009-02-10 06:00,2009,2,10,06:00,,,,,,,,,,,,,,,,,,,,HIGH FALLS,ONTARIO
2009-02-10 07:00,2009,2,10,07:00,,,,,,,,,,,,,,,,,,,,HIGH FALLS,ONTARIO
2009-02-10 08:00,2009,2,10,08:00,,,,,,,,,,,,,,,,,,,,HIGH FALLS,ONTARIO
2009-02-10 09:00,2009,2,10,09:00,,,,,,,,,,,,,,,,,,,,HIGH FALLS,ONTARIO
2009-02-10 10:00,2009,2,10,10:00,,,,,,,,,,,,,,,,,,,,HIGH FALLS,ONTARIO
2009-02-10 11:00,2009,2,10,11:00,,,,,,,,,,,,,,,,,,,,HIGH FALLS,ONTARIO
2009-02-10 12:00,2009,2,10,12:00,,,,,,,,,,,,,,,,,,,,HIGH FALLS,ONTARIO
2009-02-10 13:00,2009,2,10,13:00,,,,,,,,,,,,,,,,,,,,HIGH FALLS,ONTARIO
2009-02-10 14:00,2009,2,10,14:00,,,,,,,,,,,,,,,,,,,,HIGH FALLS,ONTARIO
2009-02-10 15:00,2009,2,10,15:00,,,,,,,,,,,,,,,,,,,,HIGH FALLS,ONTARIO
2009-02-10 16:00,2009,2,10,16:00,,,,,,,,,,,,,,,,,,,,HIGH FALLS,ONTARIO
2009-02-10 17:00,2009,2,10,17:00,,,,,,,,,,,,,,,,,,,,HIGH FALLS,ONTARIO
2009-02-10 18:00,2009,2,10,18:00,,,,,,,,,,,,,,,,,,,,HIGH FALLS,ONTARIO
2009-02-10 19:00,2009,2,10,19:00,,,,,,,,,,,,,,,,,,,,HIGH FALLS,ONTARIO
2009-02-10 20:00,2009,2,10,20:00,,,,,,,,,,,,,,,,,,,,HIGH FALLS,ONTARIO
2009-02-10 21:00,2009,2,10,21:00,,,,,,,,,,,,,,,,,,,,HIGH FALLS,ONTARIO
2009-02-10 22:00,2009,2,10,22:00,,,,,,,,,,,,,,,,,,,,HIGH FALLS,ONTARIO
2009-02-10 23:00,2009,2,10,23:00,,,,,,,,,,,,,,,,,,,,HIGH FALLS,ONTARIO
2009-02-11 00:00,2009,2,11,00:00,,,,,,,,,,,,,,,,,,,,HIGH FALLS,ONTARIO
2009-02-11 01:00,2009,2,11,01:00,,,,,,,,,,,,,,,,,,,,HIGH FALLS,ONTARIO
2009-02-11 02:00,2009,2,11,02:00,,,,,,,,,,,,,,,,,,,,HIGH FALLS,ONTARIO
2009-02-11 03:00,2009,2,11,03:00,,,,,,,,,,,,,,,,,,,,HIGH FALLS,ONTARIO
2009-02-11 04:00,2009,2,11,04:00,,,,,,,,,,,,,,,,,,,,HIGH FALLS,ONTARIO
2009-02-11 05:00,2009,2,11,05:00,,,,,,,,,,,,,,,,,,,,HIGH FALLS,ONTARIO
2009-02-11 06:00,2009,2,11,06:00,,,,,,,,,,,,,,,,,,,,HIGH FALLS,ONTARIO
2009-02-11 07:00,2009,2,11,07:00,,,,,,,,,,,,,,,,,,,,HIGH FALLS,ONTARIO
2009-02-11 08:00,2009,2,11,08:00,,,,,,,,,,,,,,,,,,,,HIGH FALLS,ONTARIO
2009-02-11 09:00,2009,2,11,09:00,,,,,,,,,,,,,,,,,,,,HIGH FALLS,ONTARIO
2009-02-11 10:00,2009,2,11,10:00,,,,,,,,,,,,,,,,,,,,HIGH FALLS,ONTARIO
2009-02-11 11:00,2009,2,11,11:00,,,,,,,,,,,,,,,,,,,,HIGH FALLS,ONTARIO
2009-02-11 12:00,2009,2,11,12:00,,,,,,,,,,,,,,,,,,,,HIGH FALLS,ONTARIO
2009-02-11 13:00,2009,2,11,13:00,,,,,,,,,,,,,,,,,,,,HIGH FALLS,ONTARIO
2009-02-11 14:00,2009,2,11,14:00,,,,,,,,,,,,,,,,,,,,HIGH FALLS,ONTARIO
2009-02-11 15:00,2009,2,11,15:00,,,,,,,,,,,,,,,,,,,,HIGH FALLS,ONTARIO
2009-02-11 16:00,2009,2,11,16:00,,,,,,,,,,,,,,,,,,,,HIGH FALLS,ONTARIO
2009-02-11 17:00,2009,2,11,17:00,,,,,,,,,,,,,,,,,,,,HIGH FALLS,ONTARIO
2009-02-11 18:00,2009,2,11,18:00,,,,,,,,,,,,,,,,,,,,HIGH FALLS,ONTARIO
2009-02-11 19:00,2009,2,11,19:00,,,,,,,,,,,,,,,,,,,,HIGH FALLS,ONTARIO
2009-02-11 20:00,2009,2,11,20:00,,,,,,,,,,,,,,,,,,,,HIGH FALLS,ONTARIO
2009-02-11 21:00,2009,2,11,21:00,,,,,,,,,,,,,,,,,,,,HIGH FALLS,ONTARIO
2009-02-11 22:00,2009,2,11,22:00,,,,,,,,,,,,,,,,,,,,HIGH FALLS,ONTARIO
2009-02-11 23:00,2009,2,11,23:00,,,,,,,,,,,,,,,,,,,,HIGH FALLS,ONTARIO
2009-02-12 00:00,2009,2,12,00:00,,,,,,,,,,,,,,,,,,,,HIGH FALLS,ONTARIO
2009-02-12 01:00,2009,2,12,01:00,,,,,,,,,,,,,,,,,,,,HIGH FALLS,ONTARIO
2009-02-12 02:00,2009,2,12,02:00,,,,,,,,,,,,,,,,,,,,HIGH FALLS,ONTARIO
2009-02-12 03:00,2009,2,12,03:00,,,,,,,,,,,,,,,,,,,,HIGH FALLS,ONTARIO
2009-02-12 04:00,2009,2,12,04:00,,,,,,,,,,,,,,,,,,,,HIGH FALLS,ONTARIO
2009-02-12 05:00,2009,2,12,05:00,,,,,,,,,,,,,,,,,,,,HIGH FALLS,ONTARIO
2009-02-12 06:00,2009,2,12,06:00,,,,,,,,,,,,,,,,,,,,HIGH FALLS,ONTARIO
2009-02-12 07:00,2009,2,12,07:00,,,,,,,,,,,,,,,,,,,,HIGH FALLS,ONTARIO
2009-02-12 08:00,2009,2,12,08:00,,,,,,,,,,,,,,,,,,,,HIGH FALLS,ONTARIO
2009-02-12 09:00,2009,2,12,09:00,,,,,,,,,,,,,,,,,,,,HIGH FALLS,ONTARIO
2009-02-12 10:00,2009,2,12,10:00,,,,,,,,,,,,,,,,,,,,HIGH FALLS,ONTARIO
2009-02-12 11:00,2009,2,12,11:00,,,,,,,,,,,,,,,,,,,,HIGH FALLS,ONTARIO
2009-02-12 12:00,2009,2,12,12:00,,,,,,,,,,,,,,,,,,,,HIGH FALLS,ONTARIO
2009-02-12 13:00,2009,2,12,13:00,,,,,,,,,,,,,,,,,,,,HIGH FALLS,ONTARIO
2009-02-12 14:00,2009,2,12,14:00,,,,,,,,,,,,,,,,,,,,HIGH FALLS,ONTARIO
2009-02-12 15:00,2009,2,12,15:00,,,,,,,,,,,,,,,,,,,,HIGH FALLS,ONTARIO
2009-02-12 16:00,2009,2,12,16:00,,,,,,,,,,,,,,,,,,,,HIGH FALLS,ONTARIO
2009-02-12 17:00,2009,2,12,17:00,,,,,,,,,,,,,,,,,,,,HIGH FALLS,ONTARIO
2009-02-12 18:00,2009,2,12,18:00,,,,,,,,,,,,,,,,,,,,HIGH FALLS,ONTARIO
2009-02-12 19:00,2009,2,12,19:00,,,,,,,,,,,,,,,,,,,,HIGH FALLS,ONTARIO
2009-02-12 20:00,2009,2,12,20:00,,,,,,,,,,,,,,,,,,,,HIGH FALLS,ONTARIO
2009-02-12 21:00,2009,2,12,21:00,,,,,,,,,,,,,,,,,,,,HIGH FALLS,ONTARIO
2009-02-12 22:00,2009,2,12,22:00,,,,,,,,,,,,,,,,,,,,HIGH FALLS,ONTARIO
2009-02-12 23:00,2009,2,12,23:00,,,,,,,,,,,,,,,,,,,,HIGH FALLS,ONTARIO
2009-02-13 00:00,2009,2,13,00:00,,,,,,,,,,,,,,,,,,,,HIGH FALLS,ONTARIO
2009-02-13 01:00,2009,2,13,01:00,,,,,,,,,,,,,,,,,,,,HIGH FALLS,ONTARIO
2009-02-13 02:00,2009,2,13,02:00,,,,,,,,,,,,,,,,,,,,HIGH FALLS,ONTARIO
2009-02-13 03:00,2009,2,13,03:00,,,,,,,,,,,,,,,,,,,,HIGH FALLS,ONTARIO
2009-02-13 04:00,2009,2,13,04:00,,,,,,,,,,,,,,,,,,,,HIGH FALLS,ONTARIO
2009-02-13 05:00,2009,2,13,05:00,,,,,,,,,,,,,,,,,,,,HIGH FALLS,ONTARIO
2009-02-13 06:00,2009,2,13,06:00,,,,,,,,,,,,,,,,,,,,HIGH FALLS,ONTARIO
2009-02-13 07:00,2009,2,13,07:00,,,,,,,,,,,,,,,,,,,,HIGH FALLS,ONTARIO
2009-02-13 08:00,2009,2,13,08:00,,,,,,,,,,,,,,,,,,,,HIGH FALLS,ONTARIO
2009-02-13 09:00,2009,2,13,09:00,,,,,,,,,,,,,,,,,,,,HIGH FALLS,ONTARIO
2009-02-13 10:00,2009,2,13,10:00,,,,,,,,,,,,,,,,,,,,HIGH FALLS,ONTARIO
2009-02-13 11:00,2009,2,13,11:00,,,,,,,,,,,,,,,,,,,,HIGH FALLS,ONTARIO
2009-02-13 12:00,2009,2,13,12:00,,,,,,,,,,,,,,,,,,,,HIGH FALLS,ONTARIO
2009-02-13 13:00,2009,2,13,13:00,,,,,,,,,,,,,,,,,,,,HIGH FALLS,ONTARIO
2009-02-13 14:00,2009,2,13,14:00,,,,,,,,,,,,,,,,,,,,HIGH FALLS,ONTARIO
2009-02-13 15:00,2009,2,13,15:00,,,,,,,,,,,,,,,,,,,,HIGH FALLS,ONTARIO
2009-02-13 16:00,2009,2,13,16:00,,,,,,,,,,,,,,,,,,,,HIGH FALLS,ONTARIO
2009-02-13 17:00,2009,2,13,17:00,,,,,,,,,,,,,,,,,,,,HIGH FALLS,ONTARIO
2009-02-13 18:00,2009,2,13,18:00,,,,,,,,,,,,,,,,,,,,HIGH FALLS,ONTARIO
2009-02-13 19:00,2009,2,13,19:00,,,,,,,,,,,,,,,,,,,,HIGH FALLS,ONTARIO
2009-02-13 20:00,2009,2,13,20:00,,,,,,,,,,,,,,,,,,,,HIGH FALLS,ONTARIO
2009-02-13 21:00,2009,2,13,21:00,,,,,,,,,,,,,,,,,,,,HIGH FALLS,ONTARIO
2009-02-13 22:00,2009,2,13,22:00,,,,,,,,,,,,,,,,,,,,HIGH FALLS,ONTARIO
2009-02-13 23:00,2009,2,13,23:00,,,,,,,,,,,,,,,,,,,,HIGH FALLS,ONTARIO
2009-02-14 00:00,2009,2,14,00:00,,,,,,,,,,,,,,,,,,,,HIGH FALLS,ONTARIO
2009-02-14 01:00,2009,2,14,01:00,,,,,,,,,,,,,,,,,,,,HIGH FALLS,ONTARIO
2009-02-14 02:00,2009,2,14,02:00,,,,,,,,,,,,,,,,,,,,HIGH FALLS,ONTARIO
2009-02-14 03:00,2009,2,14,03:00,,,,,,,,,,,,,,,,,,,,HIGH FALLS,ONTARIO
2009-02-14 04:00,2009,2,14,04:00,,,,,,,,,,,,,,,,,,,,HIGH FALLS,ONTARIO
2009-02-14 05:00,2009,2,14,05:00,,,,,,,,,,,,,,,,,,,,HIGH FALLS,ONTARIO
2009-02-14 06:00,2009,2,14,06:00,,,,,,,,,,,,,,,,,,,,HIGH FALLS,ONTARIO
2009-02-14 07:00,2009,2,14,07:00,,,,,,,,,,,,,,,,,,,,HIGH FALLS,ONTARIO
2009-02-14 08:00,2009,2,14,08:00,,,,,,,,,,,,,,,,,,,,HIGH FALLS,ONTARIO
2009-02-14 09:00,2009,2,14,09:00,,,,,,,,,,,,,,,,,,,,HIGH FALLS,ONTARIO
2009-02-14 10:00,2009,2,14,10:00,,,,,,,,,,,,,,,,,,,,HIGH FALLS,ONTARIO
2009-02-14 11:00,2009,2,14,11:00,,,,,,,,,,,,,,,,,,,,HIGH FALLS,ONTARIO
2009-02-14 12:00,2009,2,14,12:00,,,,,,,,,,,,,,,,,,,,HIGH FALLS,ONTARIO
2009-02-14 13:00,2009,2,14,13:00,,,,,,,,,,,,,,,,,,,,HIGH FALLS,ONTARIO
2009-02-14 14:00,2009,2,14,14:00,,,,,,,,,,,,,,,,,,,,HIGH FALLS,ONTARIO
2009-02-14 15:00,2009,2,14,15:00,,,,,,,,,,,,,,,,,,,,HIGH FALLS,ONTARIO
2009-02-14 16:00,2009,2,14,16:00,,,,,,,,,,,,,,,,,,,,HIGH FALLS,ONTARIO
2009-02-14 17:00,2009,2,14,17:00,,,,,,,,,,,,,,,,,,,,HIGH FALLS,ONTARIO
2009-02-14 18:00,2009,2,14,18:00,,,,,,,,,,,,,,,,,,,,HIGH FALLS,ONTARIO
2009-02-14 19:00,2009,2,14,19:00,,,,,,,,,,,,,,,,,,,,HIGH FALLS,ONTARIO
2009-02-14 20:00,2009,2,14,20:00,,,,,,,,,,,,,,,,,,,,HIGH FALLS,ONTARIO
2009-02-14 21:00,2009,2,14,21:00,,,,,,,,,,,,,,,,,,,,HIGH FALLS,ONTARIO
2009-02-14 22:00,2009,2,14,22:00,,,,,,,,,,,,,,,,,,,,HIGH FALLS,ONTARIO
2009-02-14 23:00,2009,2,14,23:00,,,,,,,,,,,,,,,,,,,,HIGH FALLS,ONTARIO
2009-02-15 00:00,2009,2,15,00:00,,,,,,,,,,,,,,,,,,,,HIGH FALLS,ONTARIO
2009-02-15 01:00,2009,2,15,01:00,,,,,,,,,,,,,,,,,,,,HIGH FALLS,ONTARIO
2009-02-15 02:00,2009,2,15,02:00,,,,,,,,,,,,,,,,,,,,HIGH FALLS,ONTARIO
2009-02-15 03:00,2009,2,15,03:00,,,,,,,,,,,,,,,,,,,,HIGH FALLS,ONTARIO
2009-02-15 04:00,2009,2,15,04:00,,,,,,,,,,,,,,,,,,,,HIGH FALLS,ONTARIO
2009-02-15 05:00,2009,2,15,05:00,,,,,,,,,,,,,,,,,,,,HIGH FALLS,ONTARIO
2009-02-15 06:00,2009,2,15,06:00,,,,,,,,,,,,,,,,,,,,HIGH FALLS,ONTARIO
2009-02-15 07:00,2009,2,15,07:00,,,,,,,,,,,,,,,,,,,,HIGH FALLS,ONTARIO
2009-02-15 08:00,2009,2,15,08:00,,,,,,,,,,,,,,,,,,,,HIGH FALLS,ONTARIO
2009-02-15 09:00,2009,2,15,09:00,,,,,,,,,,,,,,,,,,,,HIGH FALLS,ONTARIO
2009-02-15 10:00,2009,2,15,10:00,,,,,,,,,,,,,,,,,,,,HIGH FALLS,ONTARIO
2009-02-15 11:00,2009,2,15,11:00,,,,,,,,,,,,,,,,,,,,HIGH FALLS,ONTARIO
2009-02-15 12:00,2009,2,15,12:00,,,,,,,,,,,,,,,,,,,,HIGH FALLS,ONTARIO
2009-02-15 13:00,2009,2,15,13:00,,,,,,,,,,,,,,,,,,,,HIGH FALLS,ONTARIO
2009-02-15 14:00,2009,2,15,14:00,,,,,,,,,,,,,,,,,,,,HIGH FALLS,ONTARIO
2009-02-15 15:00,2009,2,15,15:00,,,,,,,,,,,,,,,,,,,,HIGH FALLS,ONTARIO
2009-02-15 16:00,2009,2,15,16:00,,,,,,,,,,,,,,,,,,,,HIGH FALLS,ONTARIO
2009-02-15 17:00,2009,2,15,17:00,,,,,,,,,,,,,,,,,,,,HIGH FALLS,ONTARIO
2009-02-15 18:00,2009,2,15,18:00,,,,,,,,,,,,,,,,,,,,HIGH FALLS,ONTARIO
2009-02-15 19:00,2009,2,15,19:00,,,,,,,,,,,,,,,,,,,,HIGH FALLS,ONTARIO
2009-02-15 20:00,2009,2,15,20:00,,,,,,,,,,,,,,,,,,,,HIGH FALLS,ONTARIO
2009-02-15 21:00,2009,2,15,21:00,,,,,,,,,,,,,,,,,,,,HIGH FALLS,ONTARIO
2009-02-15 22:00,2009,2,15,22:00,,,,,,,,,,,,,,,,,,,,HIGH FALLS,ONTARIO
2009-02-15 23:00,2009,2,15,23:00,,,,,,,,,,,,,,,,,,,,HIGH FALLS,ONTARIO
2009-02-16 00:00,2009,2,16,00:00,,,,,,,,,,,,,,,,,,,,HIGH FALLS,ONTARIO
2009-02-16 01:00,2009,2,16,01:00,,,,,,,,,,,,,,,,,,,,HIGH FALLS,ONTARIO
2009-02-16 02:00,2009,2,16,02:00,,,,,,,,,,,,,,,,,,,,HIGH FALLS,ONTARIO
2009-02-16 03:00,2009,2,16,03:00,,,,,,,,,,,,,,,,,,,,HIGH FALLS,ONTARIO
2009-02-16 04:00,2009,2,16,04:00,,,,,,,,,,,,,,,,,,,,HIGH FALLS,ONTARIO
2009-02-16 05:00,2009,2,16,05:00,,,,,,,,,,,,,,,,,,,,HIGH FALLS,ONTARIO
2009-02-16 06:00,2009,2,16,06:00,,,,,,,,,,,,,,,,,,,,HIGH FALLS,ONTARIO
2009-02-16 07:00,2009,2,16,07:00,,,,,,,,,,,,,,,,,,,,HIGH FALLS,ONTARIO
2009-02-16 08:00,2009,2,16,08:00,,,,,,,,,,,,,,,,,,,,HIGH FALLS,ONTARIO
2009-02-16 09:00,2009,2,16,09:00,,,,,,,,,,,,,,,,,,,,HIGH FALLS,ONTARIO
2009-02-16 10:00,2009,2,16,10:00,,,,,,,,,,,,,,,,,,,,HIGH FALLS,ONTARIO
2009-02-16 11:00,2009,2,16,11:00,,,,,,,,,,,,,,,,,,,,HIGH FALLS,ONTARIO
2009-02-16 12:00,2009,2,16,12:00,,,,,,,,,,,,,,,,,,,,HIGH FALLS,ONTARIO
2009-02-16 13:00,2009,2,16,13:00,,,,,,,,,,,,,,,,,,,,HIGH FALLS,ONTARIO
2009-02-16 14:00,2009,2,16,14:00,,,,,,,,,,,,,,,,,,,,HIGH FALLS,ONTARIO
2009-02-16 15:00,2009,2,16,15:00,,,,,,,,,,,,,,,,,,,,HIGH FALLS,ONTARIO
2009-02-16 16:00,2009,2,16,16:00,,,,,,,,,,,,,,,,,,,,HIGH FALLS,ONTARIO
2009-02-16 17:00,2009,2,16,17:00,,,,,,,,,,,,,,,,,,,,HIGH FALLS,ONTARIO
2009-02-16 18:00,2009,2,16,18:00,,,,,,,,,,,,,,,,,,,,HIGH FALLS,ONTARIO
2009-02-16 19:00,2009,2,16,19:00,,,,,,,,,,,,,,,,,,,,HIGH FALLS,ONTARIO
2009-02-16 20:00,2009,2,16,20:00,,,,,,,,,,,,,,,,,,,,HIGH FALLS,ONTARIO
2009-02-16 21:00,2009,2,16,21:00,,,,,,,,,,,,,,,,,,,,HIGH FALLS,ONTARIO
2009-02-16 22:00,2009,2,16,22:00,,,,,,,,,,,,,,,,,,,,HIGH FALLS,ONTARIO
2009-02-16 23:00,2009,2,16,23:00,,,,,,,,,,,,,,,,,,,,HIGH FALLS,ONTARIO
2009-02-17 00:00,2009,2,17,00:00,,,,,,,,,,,,,,,,,,,,HIGH FALLS,ONTARIO
2009-02-17 01:00,2009,2,17,01:00,,,,,,,,,,,,,,,,,,,,HIGH FALLS,ONTARIO
2009-02-17 02:00,2009,2,17,02:00,,,,,,,,,,,,,,,,,,,,HIGH FALLS,ONTARIO
2009-02-17 03:00,2009,2,17,03:00,,,,,,,,,,,,,,,,,,,,HIGH FALLS,ONTARIO
2009-02-17 04:00,2009,2,17,04:00,,,,,,,,,,,,,,,,,,,,HIGH FALLS,ONTARIO
2009-02-17 05:00,2009,2,17,05:00,,,,,,,,,,,,,,,,,,,,HIGH FALLS,ONTARIO
2009-02-17 06:00,2009,2,17,06:00,,,,,,,,,,,,,,,,,,,,HIGH FALLS,ONTARIO
2009-02-17 07:00,2009,2,17,07:00,,,,,,,,,,,,,,,,,,,,HIGH FALLS,ONTARIO
2009-02-17 08:00,2009,2,17,08:00,,,,,,,,,,,,,,,,,,,,HIGH FALLS,ONTARIO
2009-02-17 09:00,2009,2,17,09:00,,,,,,,,,,,,,,,,,,,,HIGH FALLS,ONTARIO
2009-02-17 10:00,2009,2,17,10:00,,,,,,,,,,,,,,,,,,,,HIGH FALLS,ONTARIO
2009-02-17 11:00,2009,2,17,11:00,,,,,,,,,,,,,,,,,,,,HIGH FALLS,ONTARIO
2009-02-17 12:00,2009,2,17,12:00,,,,,,,,,,,,,,,,,,,,HIGH FALLS,ONTARIO
2009-02-17 13:00,2009,2,17,13:00,,,,,,,,,,,,,,,,,,,,HIGH FALLS,ONTARIO
2009-02-17 14:00,2009,2,17,14:00,,,,,,,,,,,,,,,,,,,,HIGH FALLS,ONTARIO
2009-02-17 15:00,2009,2,17,15:00,,,,,,,,,,,,,,,,,,,,HIGH FALLS,ONTARIO
2009-02-17 16:00,2009,2,17,16:00,,,,,,,,,,,,,,,,,,,,HIGH FALLS,ONTARIO
2009-02-17 17:00,2009,2,17,17:00,,,,,,,,,,,,,,,,,,,,HIGH FALLS,ONTARIO
2009-02-17 18:00,2009,2,17,18:00,,,,,,,,,,,,,,,,,,,,HIGH FALLS,ONTARIO
2009-02-17 19:00,2009,2,17,19:00,,,,,,,,,,,,,,,,,,,,HIGH FALLS,ONTARIO
2009-02-17 20:00,2009,2,17,20:00,,,,,,,,,,,,,,,,,,,,HIGH FALLS,ONTARIO
2009-02-17 21:00,2009,2,17,21:00,,,,,,,,,,,,,,,,,,,,HIGH FALLS,ONTARIO
2009-02-17 22:00,2009,2,17,22:00,,,,,,,,,,,,,,,,,,,,HIGH FALLS,ONTARIO
2009-02-17 23:00,2009,2,17,23:00,,,,,,,,,,,,,,,,,,,,HIGH FALLS,ONTARIO
2009-02-18 00:00,2009,2,18,00:00,,,,,,,,,,,,,,,,,,,,HIGH FALLS,ONTARIO
2009-02-18 01:00,2009,2,18,01:00,,,,,,,,,,,,,,,,,,,,HIGH FALLS,ONTARIO
2009-02-18 02:00,2009,2,18,02:00,,,,,,,,,,,,,,,,,,,,HIGH FALLS,ONTARIO
2009-02-18 03:00,2009,2,18,03:00,,,,,,,,,,,,,,,,,,,,HIGH FALLS,ONTARIO
2009-02-18 04:00,2009,2,18,04:00,,,,,,,,,,,,,,,,,,,,HIGH FALLS,ONTARIO
2009-02-18 05:00,2009,2,18,05:00,,,,,,,,,,,,,,,,,,,,HIGH FALLS,ONTARIO
2009-02-18 06:00,2009,2,18,06:00,,,,,,,,,,,,,,,,,,,,HIGH FALLS,ONTARIO
2009-02-18 07:00,2009,2,18,07:00,,,,,,,,,,,,,,,,,,,,HIGH FALLS,ONTARIO
2009-02-18 08:00,2009,2,18,08:00,,,,,,,,,,,,,,,,,,,,HIGH FALLS,ONTARIO
2009-02-18 09:00,2009,2,18,09:00,,,,,,,,,,,,,,,,,,,,HIGH FALLS,ONTARIO
2009-02-18 10:00,2009,2,18,10:00,,,,,,,,,,,,,,,,,,,,HIGH FALLS,ONTARIO
2009-02-18 11:00,2009,2,18,11:00,,,,,,,,,,,,,,,,,,,,HIGH FALLS,ONTARIO
2009-02-18 12:00,2009,2,18,12:00,,,,,,,,,,,,,,,,,,,,HIGH FALLS,ONTARIO
2009-02-18 13:00,2009,2,18,13:00,,,,,,,,,,,,,,,,,,,,HIGH FALLS,ONTARIO
2009-02-18 14:00,2009,2,18,14:00,,,,,,,,,,,,,,,,,,,,HIGH FALLS,ONTARIO
2009-02-18 15:00,2009,2,18,15:00,,,,,,,,,,,,,,,,,,,,HIGH FALLS,ONTARIO
2009-02-18 16:00,2009,2,18,16:00,,,,,,,,,,,,,,,,,,,,HIGH FALLS,ONTARIO
2009-02-18 17:00,2009,2,18,17:00,,,,,,,,,,,,,,,,,,,,HIGH FALLS,ONTARIO
2009-02-18 18:00,2009,2,18,18:00,,,,,,,,,,,,,,,,,,,,HIGH FALLS,ONTARIO
2009-02-18 19:00,2009,2,18,19:00,,,,,,,,,,,,,,,,,,,,HIGH FALLS,ONTARIO
2009-02-18 20:00,2009,2,18,20:00,,,,,,,,,,,,,,,,,,,,HIGH FALLS,ONTARIO
2009-02-18 21:00,2009,2,18,21:00,,,,,,,,,,,,,,,,,,,,HIGH FALLS,ONTARIO
2009-02-18 22:00,2009,2,18,22:00,,,,,,,,,,,,,,,,,,,,HIGH FALLS,ONTARIO
2009-02-18 23:00,2009,2,18,23:00,,,,,,,,,,,,,,,,,,,,HIGH FALLS,ONTARIO
2009-02-19 00:00,2009,2,19,00:00,,,,,,,,,,,,,,,,,,,,HIGH FALLS,ONTARIO
2009-02-19 01:00,2009,2,19,01:00,,,,,,,,,,,,,,,,,,,,HIGH FALLS,ONTARIO
2009-02-19 02:00,2009,2,19,02:00,,,,,,,,,,,,,,,,,,,,HIGH FALLS,ONTARIO
2009-02-19 03:00,2009,2,19,03:00,,,,,,,,,,,,,,,,,,,,HIGH FALLS,ONTARIO
2009-02-19 04:00,2009,2,19,04:00,,,,,,,,,,,,,,,,,,,,HIGH FALLS,ONTARIO
2009-02-19 05:00,2009,2,19,05:00,,,,,,,,,,,,,,,,,,,,HIGH FALLS,ONTARIO
2009-02-19 06:00,2009,2,19,06:00,,,,,,,,,,,,,,,,,,,,HIGH FALLS,ONTARIO
2009-02-19 07:00,2009,2,19,07:00,,,,,,,,,,,,,,,,,,,,HIGH FALLS,ONTARIO
2009-02-19 08:00,2009,2,19,08:00,,,,,,,,,,,,,,,,,,,,HIGH FALLS,ONTARIO
2009-02-19 09:00,2009,2,19,09:00,,,,,,,,,,,,,,,,,,,,HIGH FALLS,ONTARIO
2009-02-19 10:00,2009,2,19,10:00,,,,,,,,,,,,,,,,,,,,HIGH FALLS,ONTARIO
2009-02-19 11:00,2009,2,19,11:00,,,,,,,,,,,,,,,,,,,,HIGH FALLS,ONTARIO
2009-02-19 12:00,2009,2,19,12:00,,,,,,,,,,,,,,,,,,,,HIGH FALLS,ONTARIO
2009-02-19 13:00,2009,2,19,13:00,,,,,,,,,,,,,,,,,,,,HIGH FALLS,ONTARIO
2009-02-19 14:00,2009,2,19,14:00,,,,,,,,,,,,,,,,,,,,HIGH FALLS,ONTARIO
2009-02-19 15:00,2009,2,19,15:00,,,,,,,,,,,,,,,,,,,,HIGH FALLS,ONTARIO
2009-02-19 16:00,2009,2,19,16:00,,,,,,,,,,,,,,,,,,,,HIGH FALLS,ONTARIO
2009-02-19 17:00,2009,2,19,17:00,,,,,,,,,,,,,,,,,,,,HIGH FALLS,ONTARIO
2009-02-19 18:00,2009,2,19,18:00,,,,,,,,,,,,,,,,,,,,HIGH FALLS,ONTARIO
2009-02-19 19:00,2009,2,19,19:00,,,,,,,,,,,,,,,,,,,,HIGH FALLS,ONTARIO
2009-02-19 20:00,2009,2,19,20:00,,,,,,,,,,,,,,,,,,,,HIGH FALLS,ONTARIO
2009-02-19 21:00,2009,2,19,21:00,,,,,,,,,,,,,,,,,,,,HIGH FALLS,ONTARIO
2009-02-19 22:00,2009,2,19,22:00,,,,,,,,,,,,,,,,,,,,HIGH FALLS,ONTARIO
2009-02-19 23:00,2009,2,19,23:00,,,,,,,,,,,,,,,,,,,,HIGH FALLS,ONTARIO
2009-02-20 00:00,2009,2,20,00:00,,,,,,,,,,,,,,,,,,,,HIGH FALLS,ONTARIO
2009-02-20 01:00,2009,2,20,01:00,,,,,,,,,,,,,,,,,,,,HIGH FALLS,ONTARIO
2009-02-20 02:00,2009,2,20,02:00,,,,,,,,,,,,,,,,,,,,HIGH FALLS,ONTARIO
2009-02-20 03:00,2009,2,20,03:00,,,,,,,,,,,,,,,,,,,,HIGH FALLS,ONTARIO
2009-02-20 04:00,2009,2,20,04:00,,,,,,,,,,,,,,,,,,,,HIGH FALLS,ONTARIO
2009-02-20 05:00,2009,2,20,05:00,,,,,,,,,,,,,,,,,,,,HIGH FALLS,ONTARIO
2009-02-20 06:00,2009,2,20,06:00,,,,,,,,,,,,,,,,,,,,HIGH FALLS,ONTARIO
2009-02-20 07:00,2009,2,20,07:00,,,,,,,,,,,,,,,,,,,,HIGH FALLS,ONTARIO
2009-02-20 08:00,2009,2,20,08:00,,,,,,,,,,,,,,,,,,,,HIGH FALLS,ONTARIO
2009-02-20 09:00,2009,2,20,09:00,,,,,,,,,,,,,,,,,,,,HIGH FALLS,ONTARIO
2009-02-20 10:00,2009,2,20,10:00,,,,,,,,,,,,,,,,,,,,HIGH FALLS,ONTARIO
2009-02-20 11:00,2009,2,20,11:00,,,,,,,,,,,,,,,,,,,,HIGH FALLS,ONTARIO
2009-02-20 12:00,2009,2,20,12:00,,,,,,,,,,,,,,,,,,,,HIGH FALLS,ONTARIO
2009-02-20 13:00,2009,2,20,13:00,,,,,,,,,,,,,,,,,,,,HIGH FALLS,ONTARIO
2009-02-20 14:00,2009,2,20,14:00,,,,,,,,,,,,,,,,,,,,HIGH FALLS,ONTARIO
2009-02-20 15:00,2009,2,20,15:00,,,,,,,,,,,,,,,,,,,,HIGH FALLS,ONTARIO
2009-02-20 16:00,2009,2,20,16:00,,,,,,,,,,,,,,,,,,,,HIGH FALLS,ONTARIO
2009-02-20 17:00,2009,2,20,17:00,,,,,,,,,,,,,,,,,,,,HIGH FALLS,ONTARIO
2009-02-20 18:00,2009,2,20,18:00,,,,,,,,,,,,,,,,,,,,HIGH FALLS,ONTARIO
2009-02-20 19:00,2009,2,20,19:00,,,,,,,,,,,,,,,,,,,,HIGH FALLS,ONTARIO
2009-02-20 20:00,2009,2,20,20:00,,,,,,,,,,,,,,,,,,,,HIGH FALLS,ONTARIO
2009-02-20 21:00,2009,2,20,21:00,,,,,,,,,,,,,,,,,,,,HIGH FALLS,ONTARIO
2009-02-20 22:00,2009,2,20,22:00,,,,,,,,,,,,,,,,,,,,HIGH FALLS,ONTARIO
2009-02-20 23:00,2009,2,20,23:00,,,,,,,,,,,,,,,,,,,,HIGH FALLS,ONTARIO
2009-02-21 00:00,2009,2,21,00:00,,,,,,,,,,,,,,,,,,,,HIGH FALLS,ONTARIO
2009-02-21 01:00,2009,2,21,01:00,,,,,,,,,,,,,,,,,,,,HIGH FALLS,ONTARIO
2009-02-21 02:00,2009,2,21,02:00,,,,,,,,,,,,,,,,,,,,HIGH FALLS,ONTARIO
2009-02-21 03:00,2009,2,21,03:00,,,,,,,,,,,,,,,,,,,,HIGH FALLS,ONTARIO
2009-02-21 04:00,2009,2,21,04:00,,,,,,,,,,,,,,,,,,,,HIGH FALLS,ONTARIO
2009-02-21 05:00,2009,2,21,05:00,,,,,,,,,,,,,,,,,,,,HIGH FALLS,ONTARIO
2009-02-21 06:00,2009,2,21,06:00,,,,,,,,,,,,,,,,,,,,HIGH FALLS,ONTARIO
2009-02-21 07:00,2009,2,21,07:00,,,,,,,,,,,,,,,,,,,,HIGH FALLS,ONTARIO
2009-02-21 08:00,2009,2,21,08:00,,,,,,,,,,,,,,,,,,,,HIGH FALLS,ONTARIO
2009-02-21 09:00,2009,2,21,09:00,,,,,,,,,,,,,,,,,,,,HIGH FALLS,ONTARIO
2009-02-21 10:00,2009,2,21,10:00,,,,,,,,,,,,,,,,,,,,HIGH FALLS,ONTARIO
2009-02-21 11:00,2009,2,21,11:00,,,,,,,,,,,,,,,,,,,,HIGH FALLS,ONTARIO
2009-02-21 12:00,2009,2,21,12:00,,,,,,,,,,,,,,,,,,,,HIGH FALLS,ONTARIO
2009-02-21 13:00,2009,2,21,13:00,,,,,,,,,,,,,,,,,,,,HIGH FALLS,ONTARIO
2009-02-21 14:00,2009,2,21,14:00,,,,,,,,,,,,,,,,,,,,HIGH FALLS,ONTARIO
2009-02-21 15:00,2009,2,21,15:00,,,,,,,,,,,,,,,,,,,,HIGH FALLS,ONTARIO
2009-02-21 16:00,2009,2,21,16:00,,,,,,,,,,,,,,,,,,,,HIGH FALLS,ONTARIO
2009-02-21 17:00,2009,2,21,17:00,,,,,,,,,,,,,,,,,,,,HIGH FALLS,ONTARIO
2009-02-21 18:00,2009,2,21,18:00,,,,,,,,,,,,,,,,,,,,HIGH FALLS,ONTARIO
2009-02-21 19:00,2009,2,21,19:00,,,,,,,,,,,,,,,,,,,,HIGH FALLS,ONTARIO
2009-02-21 20:00,2009,2,21,20:00,,,,,,,,,,,,,,,,,,,,HIGH FALLS,ONTARIO
2009-02-21 21:00,2009,2,21,21:00,,,,,,,,,,,,,,,,,,,,HIGH FALLS,ONTARIO
2009-02-21 22:00,2009,2,21,22:00,,,,,,,,,,,,,,,,,,,,HIGH FALLS,ONTARIO
2009-02-21 23:00,2009,2,21,23:00,,,,,,,,,,,,,,,,,,,,HIGH FALLS,ONTARIO
2009-02-22 00:00,2009,2,22,00:00,,,,,,,,,,,,,,,,,,,,HIGH FALLS,ONTARIO
2009-02-22 01:00,2009,2,22,01:00,,,,,,,,,,,,,,,,,,,,HIGH FALLS,ONTARIO
2009-02-22 02:00,2009,2,22,02:00,,,,,,,,,,,,,,,,,,,,HIGH FALLS,ONTARIO
2009-02-22 03:00,2009,2,22,03:00,,,,,,,,,,,,,,,,,,,,HIGH FALLS,ONTARIO
2009-02-22 04:00,2009,2,22,04:00,,,,,,,,,,,,,,,,,,,,HIGH FALLS,ONTARIO
2009-02-22 05:00,2009,2,22,05:00,,,,,,,,,,,,,,,,,,,,HIGH FALLS,ONTARIO
2009-02-22 06:00,2009,2,22,06:00,,,,,,,,,,,,,,,,,,,,HIGH FALLS,ONTARIO
2009-02-22 07:00,2009,2,22,07:00,,,,,,,,,,,,,,,,,,,,HIGH FALLS,ONTARIO
2009-02-22 08:00,2009,2,22,08:00,,,,,,,,,,,,,,,,,,,,HIGH FALLS,ONTARIO
2009-02-22 09:00,2009,2,22,09:00,,,,,,,,,,,,,,,,,,,,HIGH FALLS,ONTARIO
2009-02-22 10:00,2009,2,22,10:00,,,,,,,,,,,,,,,,,,,,HIGH FALLS,ONTARIO
2009-02-22 11:00,2009,2,22,11:00,,,,,,,,,,,,,,,,,,,,HIGH FALLS,ONTARIO
2009-02-22 12:00,2009,2,22,12:00,,,,,,,,,,,,,,,,,,,,HIGH FALLS,ONTARIO
2009-02-22 13:00,2009,2,22,13:00,,,,,,,,,,,,,,,,,,,,HIGH FALLS,ONTARIO
2009-02-22 14:00,2009,2,22,14:00,,,,,,,,,,,,,,,,,,,,HIGH FALLS,ONTARIO
2009-02-22 15:00,2009,2,22,15:00,,,,,,,,,,,,,,,,,,,,HIGH FALLS,ONTARIO
2009-02-22 16:00,2009,2,22,16:00,,,,,,,,,,,,,,,,,,,,HIGH FALLS,ONTARIO
2009-02-22 17:00,2009,2,22,17:00,,,,,,,,,,,,,,,,,,,,HIGH FALLS,ONTARIO
2009-02-22 18:00,2009,2,22,18:00,,,,,,,,,,,,,,,,,,,,HIGH FALLS,ONTARIO
2009-02-22 19:00,2009,2,22,19:00,,,,,,,,,,,,,,,,,,,,HIGH FALLS,ONTARIO
2009-02-22 20:00,2009,2,22,20:00,,,,,,,,,,,,,,,,,,,,HIGH FALLS,ONTARIO
2009-02-22 21:00,2009,2,22,21:00,,,,,,,,,,,,,,,,,,,,HIGH FALLS,ONTARIO
2009-02-22 22:00,2009,2,22,22:00,,,,,,,,,,,,,,,,,,,,HIGH FALLS,ONTARIO
2009-02-22 23:00,2009,2,22,23:00,,,,,,,,,,,,,,,,,,,,HIGH FALLS,ONTARIO
2009-02-23 00:00,2009,2,23,00:00,,,,,,,,,,,,,,,,,,,,HIGH FALLS,ONTARIO
2009-02-23 01:00,2009,2,23,01:00,,,,,,,,,,,,,,,,,,,,HIGH FALLS,ONTARIO
2009-02-23 02:00,2009,2,23,02:00,,,,,,,,,,,,,,,,,,,,HIGH FALLS,ONTARIO
2009-02-23 03:00,2009,2,23,03:00,,,,,,,,,,,,,,,,,,,,HIGH FALLS,ONTARIO
2009-02-23 04:00,2009,2,23,04:00,,,,,,,,,,,,,,,,,,,,HIGH FALLS,ONTARIO
2009-02-23 05:00,2009,2,23,05:00,,,,,,,,,,,,,,,,,,,,HIGH FALLS,ONTARIO
2009-02-23 06:00,2009,2,23,06:00,,,,,,,,,,,,,,,,,,,,HIGH FALLS,ONTARIO
2009-02-23 07:00,2009,2,23,07:00,,,,,,,,,,,,,,,,,,,,HIGH FALLS,ONTARIO
2009-02-23 08:00,2009,2,23,08:00,,,,,,,,,,,,,,,,,,,,HIGH FALLS,ONTARIO
2009-02-23 09:00,2009,2,23,09:00,,,,,,,,,,,,,,,,,,,,HIGH FALLS,ONTARIO
2009-02-23 10:00,2009,2,23,10:00,,,,,,,,,,,,,,,,,,,,HIGH FALLS,ONTARIO
2009-02-23 11:00,2009,2,23,11:00,,,,,,,,,,,,,,,,,,,,HIGH FALLS,ONTARIO
2009-02-23 12:00,2009,2,23,12:00,,,,,,,,,,,,,,,,,,,,HIGH FALLS,ONTARIO
2009-02-23 13:00,2009,2,23,13:00,,,,,,,,,,,,,,,,,,,,HIGH FALLS,ONTARIO
2009-02-23 14:00,2009,2,23,14:00,,,,,,,,,,,,,,,,,,,,HIGH FALLS,ONTARIO
2009-02-23 15:00,2009,2,23,15:00,,,,,,,,,,,,,,,,,,,,HIGH FALLS,ONTARIO
2009-02-23 16:00,2009,2,23,16:00,,,,,,,,,,,,,,,,,,,,HIGH FALLS,ONTARIO
2009-02-23 17:00,2009,2,23,17:00,,,,,,,,,,,,,,,,,,,,HIGH FALLS,ONTARIO
2009-02-23 18:00,2009,2,23,18:00,,,,,,,,,,,,,,,,,,,,HIGH FALLS,ONTARIO
2009-02-23 19:00,2009,2,23,19:00,,,,,,,,,,,,,,,,,,,,HIGH FALLS,ONTARIO
2009-02-23 20:00,2009,2,23,20:00,,,,,,,,,,,,,,,,,,,,HIGH FALLS,ONTARIO
2009-02-23 21:00,2009,2,23,21:00,,,,,,,,,,,,,,,,,,,,HIGH FALLS,ONTARIO
2009-02-23 22:00,2009,2,23,22:00,,,,,,,,,,,,,,,,,,,,HIGH FALLS,ONTARIO
2009-02-23 23:00,2009,2,23,23:00,,,,,,,,,,,,,,,,,,,,HIGH FALLS,ONTARIO
2009-02-24 00:00,2009,2,24,00:00,,,,,,,,,,,,,,,,,,,,HIGH FALLS,ONTARIO
2009-02-24 01:00,2009,2,24,01:00,,,,,,,,,,,,,,,,,,,,HIGH FALLS,ONTARIO
2009-02-24 02:00,2009,2,24,02:00,,,,,,,,,,,,,,,,,,,,HIGH FALLS,ONTARIO
2009-02-24 03:00,2009,2,24,03:00,,,,,,,,,,,,,,,,,,,,HIGH FALLS,ONTARIO
2009-02-24 04:00,2009,2,24,04:00,,,,,,,,,,,,,,,,,,,,HIGH FALLS,ONTARIO
2009-02-24 05:00,2009,2,24,05:00,,,,,,,,,,,,,,,,,,,,HIGH FALLS,ONTARIO
2009-02-24 06:00,2009,2,24,06:00,,,,,,,,,,,,,,,,,,,,HIGH FALLS,ONTARIO
2009-02-24 07:00,2009,2,24,07:00,,,,,,,,,,,,,,,,,,,,HIGH FALLS,ONTARIO
2009-02-24 08:00,2009,2,24,08:00,,,,,,,,,,,,,,,,,,,,HIGH FALLS,ONTARIO
2009-02-24 09:00,2009,2,24,09:00,,,,,,,,,,,,,,,,,,,,HIGH FALLS,ONTARIO
2009-02-24 10:00,2009,2,24,10:00,,,,,,,,,,,,,,,,,,,,HIGH FALLS,ONTARIO
2009-02-24 11:00,2009,2,24,11:00,,,,,,,,,,,,,,,,,,,,HIGH FALLS,ONTARIO
2009-02-24 12:00,2009,2,24,12:00,,,,,,,,,,,,,,,,,,,,HIGH FALLS,ONTARIO
2009-02-24 13:00,2009,2,24,13:00,,,,,,,,,,,,,,,,,,,,HIGH FALLS,ONTARIO
2009-02-24 14:00,2009,2,24,14:00,,,,,,,,,,,,,,,,,,,,HIGH FALLS,ONTARIO
2009-02-24 15:00,2009,2,24,15:00,,,,,,,,,,,,,,,,,,,,HIGH FALLS,ONTARIO
2009-02-24 16:00,2009,2,24,16:00,,,,,,,,,,,,,,,,,,,,HIGH FALLS,ONTARIO
2009-02-24 17:00,2009,2,24,17:00,,,,,,,,,,,,,,,,,,,,HIGH FALLS,ONTARIO
2009-02-24 18:00,2009,2,24,18:00,,,,,,,,,,,,,,,,,,,,HIGH FALLS,ONTARIO
2009-02-24 19:00,2009,2,24,19:00,,,,,,,,,,,,,,,,,,,,HIGH FALLS,ONTARIO
2009-02-24 20:00,2009,2,24,20:00,,,,,,,,,,,,,,,,,,,,HIGH FALLS,ONTARIO
2009-02-24 21:00,2009,2,24,21:00,,,,,,,,,,,,,,,,,,,,HIGH FALLS,ONTARIO
2009-02-24 22:00,2009,2,24,22:00,,,,,,,,,,,,,,,,,,,,HIGH FALLS,ONTARIO
2009-02-24 23:00,2009,2,24,23:00,,,,,,,,,,,,,,,,,,,,HIGH FALLS,ONTARIO
2009-02-25 00:00,2009,2,25,00:00,,,,,,,,,,,,,,,,,,,,HIGH FALLS,ONTARIO
2009-02-25 01:00,2009,2,25,01:00,,,,,,,,,,,,,,,,,,,,HIGH FALLS,ONTARIO
2009-02-25 02:00,2009,2,25,02:00,,,,,,,,,,,,,,,,,,,,HIGH FALLS,ONTARIO
2009-02-25 03:00,2009,2,25,03:00,,,,,,,,,,,,,,,,,,,,HIGH FALLS,ONTARIO
2009-02-25 04:00,2009,2,25,04:00,,,,,,,,,,,,,,,,,,,,HIGH FALLS,ONTARIO
2009-02-25 05:00,2009,2,25,05:00,,,,,,,,,,,,,,,,,,,,HIGH FALLS,ONTARIO
2009-02-25 06:00,2009,2,25,06:00,,,,,,,,,,,,,,,,,,,,HIGH FALLS,ONTARIO
2009-02-25 07:00,2009,2,25,07:00,,,,,,,,,,,,,,,,,,,,HIGH FALLS,ONTARIO
2009-02-25 08:00,2009,2,25,08:00,,,,,,,,,,,,,,,,,,,,HIGH FALLS,ONTARIO
2009-02-25 09:00,2009,2,25,09:00,,,,,,,,,,,,,,,,,,,,HIGH FALLS,ONTARIO
2009-02-25 10:00,2009,2,25,10:00,,,,,,,,,,,,,,,,,,,,HIGH FALLS,ONTARIO
2009-02-25 11:00,2009,2,25,11:00,,,,,,,,,,,,,,,,,,,,HIGH FALLS,ONTARIO
2009-02-25 12:00,2009,2,25,12:00,,,,,,,,,,,,,,,,,,,,HIGH FALLS,ONTARIO
2009-02-25 13:00,2009,2,25,13:00,,,,,,,,,,,,,,,,,,,,HIGH FALLS,ONTARIO
2009-02-25 14:00,2009,2,25,14:00,,,,,,,,,,,,,,,,,,,,HIGH FALLS,ONTARIO
2009-02-25 15:00,2009,2,25,15:00,,,,,,,,,,,,,,,,,,,,HIGH FALLS,ONTARIO
2009-02-25 16:00,2009,2,25,16:00,,,,,,,,,,,,,,,,,,,,HIGH FALLS,ONTARIO
2009-02-25 17:00,2009,2,25,17:00,,,,,,,,,,,,,,,,,,,,HIGH FALLS,ONTARIO
2009-02-25 18:00,2009,2,25,18:00,,,,,,,,,,,,,,,,,,,,HIGH FALLS,ONTARIO
2009-02-25 19:00,2009,2,25,19:00,,,,,,,,,,,,,,,,,,,,HIGH FALLS,ONTARIO
2009-02-25 20:00,2009,2,25,20:00,,,,,,,,,,,,,,,,,,,,HIGH FALLS,ONTARIO
2009-02-25 21:00,2009,2,25,21:00,,,,,,,,,,,,,,,,,,,,HIGH FALLS,ONTARIO
2009-02-25 22:00,2009,2,25,22:00,,,,,,,,,,,,,,,,,,,,HIGH FALLS,ONTARIO
2009-02-25 23:00,2009,2,25,23:00,,,,,,,,,,,,,,,,,,,,HIGH FALLS,ONTARIO
2009-02-26 00:00,2009,2,26,00:00,,,,,,,,,,,,,,,,,,,,HIGH FALLS,ONTARIO
2009-02-26 01:00,2009,2,26,01:00,,,,,,,,,,,,,,,,,,,,HIGH FALLS,ONTARIO
2009-02-26 02:00,2009,2,26,02:00,,,,,,,,,,,,,,,,,,,,HIGH FALLS,ONTARIO
2009-02-26 03:00,2009,2,26,03:00,,,,,,,,,,,,,,,,,,,,HIGH FALLS,ONTARIO
2009-02-26 04:00,2009,2,26,04:00,,,,,,,,,,,,,,,,,,,,HIGH FALLS,ONTARIO
2009-02-26 05:00,2009,2,26,05:00,,,,,,,,,,,,,,,,,,,,HIGH FALLS,ONTARIO
2009-02-26 06:00,2009,2,26,06:00,,,,,,,,,,,,,,,,,,,,HIGH FALLS,ONTARIO
2009-02-26 07:00,2009,2,26,07:00,,,,,,,,,,,,,,,,,,,,HIGH FALLS,ONTARIO
2009-02-26 08:00,2009,2,26,08:00,,,,,,,,,,,,,,,,,,,,HIGH FALLS,ONTARIO
2009-02-26 09:00,2009,2,26,09:00,,,,,,,,,,,,,,,,,,,,HIGH FALLS,ONTARIO
2009-02-26 10:00,2009,2,26,10:00,,,,,,,,,,,,,,,,,,,,HIGH FALLS,ONTARIO
2009-02-26 11:00,2009,2,26,11:00,,,,,,,,,,,,,,,,,,,,HIGH FALLS,ONTARIO
2009-02-26 12:00,2009,2,26,12:00,,,,,,,,,,,,,,,,,,,,HIGH FALLS,ONTARIO
2009-02-26 13:00,2009,2,26,13:00,,,,,,,,,,,,,,,,,,,,HIGH FALLS,ONTARIO
2009-02-26 14:00,2009,2,26,14:00,,,,,,,,,,,,,,,,,,,,HIGH FALLS,ONTARIO
2009-02-26 15:00,2009,2,26,15:00,,,,,,,,,,,,,,,,,,,,HIGH FALLS,ONTARIO
2009-02-26 16:00,2009,2,26,16:00,,,,,,,,,,,,,,,,,,,,HIGH FALLS,ONTARIO
2009-02-26 17:00,2009,2,26,17:00,,,,,,,,,,,,,,,,,,,,HIGH FALLS,ONTARIO
2009-02-26 18:00,2009,2,26,18:00,,,,,,,,,,,,,,,,,,,,HIGH FALLS,ONTARIO
2009-02-26 19:00,2009,2,26,19:00,,,,,,,,,,,,,,,,,,,,HIGH FALLS,ONTARIO
2009-02-26 20:00,2009,2,26,20:00,,,,,,,,,,,,,,,,,,,,HIGH FALLS,ONTARIO
2009-02-26 21:00,2009,2,26,21:00,,,,,,,,,,,,,,,,,,,,HIGH FALLS,ONTARIO
2009-02-26 22:00,2009,2,26,22:00,,,,,,,,,,,,,,,,,,,,HIGH FALLS,ONTARIO
2009-02-26 23:00,2009,2,26,23:00,,,,,,,,,,,,,,,,,,,,HIGH FALLS,ONTARIO
2009-02-27 00:00,2009,2,27,00:00,,,,,,,,,,,,,,,,,,,,HIGH FALLS,ONTARIO
2009-02-27 01:00,2009,2,27,01:00,,,,,,,,,,,,,,,,,,,,HIGH FALLS,ONTARIO
2009-02-27 02:00,2009,2,27,02:00,,,,,,,,,,,,,,,,,,,,HIGH FALLS,ONTARIO
2009-02-27 03:00,2009,2,27,03:00,,,,,,,,,,,,,,,,,,,,HIGH FALLS,ONTARIO
2009-02-27 04:00,2009,2,27,04:00,,,,,,,,,,,,,,,,,,,,HIGH FALLS,ONTARIO
2009-02-27 05:00,2009,2,27,05:00,,,,,,,,,,,,,,,,,,,,HIGH FALLS,ONTARIO
2009-02-27 06:00,2009,2,27,06:00,,,,,,,,,,,,,,,,,,,,HIGH FALLS,ONTARIO
2009-02-27 07:00,2009,2,27,07:00,,,,,,,,,,,,,,,,,,,,HIGH FALLS,ONTARIO
2009-02-27 08:00,2009,2,27,08:00,,,,,,,,,,,,,,,,,,,,HIGH FALLS,ONTARIO
2009-02-27 09:00,2009,2,27,09:00,,,,,,,,,,,,,,,,,,,,HIGH FALLS,ONTARIO
2009-02-27 10:00,2009,2,27,10:00,,,,,,,,,,,,,,,,,,,,HIGH FALLS,ONTARIO
2009-02-27 11:00,2009,2,27,11:00,,,,,,,,,,,,,,,,,,,,HIGH FALLS,ONTARIO
2009-02-27 12:00,2009,2,27,12:00,,,,,,,,,,,,,,,,,,,,HIGH FALLS,ONTARIO
2009-02-27 13:00,2009,2,27,13:00,,,,,,,,,,,,,,,,,,,,HIGH FALLS,ONTARIO
2009-02-27 14:00,2009,2,27,14:00,,,,,,,,,,,,,,,,,,,,HIGH FALLS,ONTARIO
2009-02-27 15:00,2009,2,27,15:00,,,,,,,,,,,,,,,,,,,,HIGH FALLS,ONTARIO
2009-02-27 16:00,2009,2,27,16:00,,,,,,,,,,,,,,,,,,,,HIGH FALLS,ONTARIO
2009-02-27 17:00,2009,2,27,17:00,,,,,,,,,,,,,,,,,,,,HIGH FALLS,ONTARIO
2009-02-27 18:00,2009,2,27,18:00,,,,,,,,,,,,,,,,,,,,HIGH FALLS,ONTARIO
2009-02-27 19:00,2009,2,27,19:00,,,,,,,,,,,,,,,,,,,,HIGH FALLS,ONTARIO
2009-02-27 20:00,2009,2,27,20:00,,,,,,,,,,,,,,,,,,,,HIGH FALLS,ONTARIO
2009-02-27 21:00,2009,2,27,21:00,,,,,,,,,,,,,,,,,,,,HIGH FALLS,ONTARIO
2009-02-27 22:00,2009,2,27,22:00,,,,,,,,,,,,,,,,,,,,HIGH FALLS,ONTARIO
2009-02-27 23:00,2009,2,27,23:00,,,,,,,,,,,,,,,,,,,,HIGH FALLS,ONTARIO
2009-02-28 00:00,2009,2,28,00:00,,,,,,,,,,,,,,,,,,,,HIGH FALLS,ONTARIO
2009-02-28 01:00,2009,2,28,01:00,,,,,,,,,,,,,,,,,,,,HIGH FALLS,ONTARIO
2009-02-28 02:00,2009,2,28,02:00,,,,,,,,,,,,,,,,,,,,HIGH FALLS,ONTARIO
2009-02-28 03:00,2009,2,28,03:00,,,,,,,,,,,,,,,,,,,,HIGH FALLS,ONTARIO
2009-02-28 04:00,2009,2,28,04:00,,,,,,,,,,,,,,,,,,,,HIGH FALLS,ONTARIO
2009-02-28 05:00,2009,2,28,05:00,,,,,,,,,,,,,,,,,,,,HIGH FALLS,ONTARIO
2009-02-28 06:00,2009,2,28,06:00,,,,,,,,,,,,,,,,,,,,HIGH FALLS,ONTARIO
2009-02-28 07:00,2009,2,28,07:00,,,,,,,,,,,,,,,,,,,,HIGH FALLS,ONTARIO
2009-02-28 08:00,2009,2,28,08:00,,,,,,,,,,,,,,,,,,,,HIGH FALLS,ONTARIO
2009-02-28 09:00,2009,2,28,09:00,,,,,,,,,,,,,,,,,,,,HIGH FALLS,ONTARIO
2009-02-28 10:00,2009,2,28,10:00,,,,,,,,,,,,,,,,,,,,HIGH FALLS,ONTARIO
2009-02-28 11:00,2009,2,28,11:00,,,,,,,,,,,,,,,,,,,,HIGH FALLS,ONTARIO
2009-02-28 12:00,2009,2,28,12:00,,,,,,,,,,,,,,,,,,,,HIGH FALLS,ONTARIO
2009-02-28 13:00,2009,2,28,13:00,,,,,,,,,,,,,,,,,,,,HIGH FALLS,ONTARIO
2009-02-28 14:00,2009,2,28,14:00,,,,,,,,,,,,,,,,,,,,HIGH FALLS,ONTARIO
2009-02-28 15:00,2009,2,28,15:00,,,,,,,,,,,,,,,,,,,,HIGH FALLS,ONTARIO
2009-02-28 16:00,2009,2,28,16:00,,,,,,,,,,,,,,,,,,,,HIGH FALLS,ONTARIO
2009-02-28 17:00,2009,2,28,17:00,,,,,,,,,,,,,,,,,,,,HIGH FALLS,ONTARIO
2009-02-28 18:00,2009,2,28,18:00,,,,,,,,,,,,,,,,,,,,HIGH FALLS,ONTARIO
2009-02-28 19:00,2009,2,28,19:00,,,,,,,,,,,,,,,,,,,,HIGH FALLS,ONTARIO
2009-02-28 20:00,2009,2,28,20:00,,,,,,,,,,,,,,,,,,,,HIGH FALLS,ONTARIO
2009-02-28 21:00,2009,2,28,21:00,,,,,,,,,,,,,,,,,,,,HIGH FALLS,ONTARIO
2009-02-28 22:00,2009,2,28,22:00,,,,,,,,,,,,,,,,,,,,HIGH FALLS,ONTARIO
2009-02-28 23:00,2009,2,28,23:00,,,,,,,,,,,,,,,,,,,,HIGH FALLS,ONTARIO
2010-02-01 00:00,2010,2,1,00:00,,,,,,,,,,,,,,,,,,,,HIGH FALLS,ONTARIO
2010-02-01 01:00,2010,2,1,01:00,,,,,,,,,,,,,,,,,,,,HIGH FALLS,ONTARIO
2010-02-01 02:00,2010,2,1,02:00,,,,,,,,,,,,,,,,,,,,HIGH FALLS,ONTARIO
2010-02-01 03:00,2010,2,1,03:00,,,,,,,,,,,,,,,,,,,,HIGH FALLS,ONTARIO
2010-02-01 04:00,2010,2,1,04:00,,,,,,,,,,,,,,,,,,,,HIGH FALLS,ONTARIO
2010-02-01 05:00,2010,2,1,05:00,,,,,,,,,,,,,,,,,,,,HIGH FALLS,ONTARIO
2010-02-01 06:00,2010,2,1,06:00,,,,,,,,,,,,,,,,,,,,HIGH FALLS,ONTARIO
2010-02-01 07:00,2010,2,1,07:00,,,,,,,,,,,,,,,,,,,,HIGH FALLS,ONTARIO
2010-02-01 08:00,2010,2,1,08:00,,,,,,,,,,,,,,,,,,,,HIGH FALLS,ONTARIO
2010-02-01 09:00,2010,2,1,09:00,,,,,,,,,,,,,,,,,,,,HIGH FALLS,ONTARIO
2010-02-01 10:00,2010,2,1,10:00,,,,,,,,,,,,,,,,,,,,HIGH FALLS,ONTARIO
2010-02-01 11:00,2010,2,1,11:00,,,,,,,,,,,,,,,,,,,,HIGH FALLS,ONTARIO
2010-02-01 12:00,2010,2,1,12:00,,,,,,,,,,,,,,,,,,,,HIGH FALLS,ONTARIO
2010-02-01 13:00,2010,2,1,13:00,,,,,,,,,,,,,,,,,,,,HIGH FALLS,ONTARIO
2010-02-01 14:00,2010,2,1,14:00,,,,,,,,,,,,,,,,,,,,HIGH FALLS,ONTARIO
2010-02-01 15:00,2010,2,1,15:00,,,,,,,,,,,,,,,,,,,,HIGH FALLS,ONTARIO
2010-02-01 16:00,2010,2,1,16:00,,,,,,,,,,,,,,,,,,,,HIGH FALLS,ONTARIO
2010-02-01 17:00,2010,2,1,17:00,,,,,,,,,,,,,,,,,,,,HIGH FALLS,ONTARIO
2010-02-01 18:00,2010,2,1,18:00,,,,,,,,,,,,,,,,,,,,HIGH FALLS,ONTARIO
2010-02-01 19:00,2010,2,1,19:00,,,,,,,,,,,,,,,,,,,,HIGH FALLS,ONTARIO
2010-02-01 20:00,2010,2,1,20:00,,,,,,,,,,,,,,,,,,,,HIGH FALLS,ONTARIO
2010-02-01 21:00,2010,2,1,21:00,,,,,,,,,,,,,,,,,,,,HIGH FALLS,ONTARIO
2010-02-01 22:00,2010,2,1,22:00,,,,,,,,,,,,,,,,,,,,HIGH FALLS,ONTARIO
2010-02-01 23:00,2010,2,1,23:00,,,,,,,,,,,,,,,,,,,,HIGH FALLS,ONTARIO
2010-02-02 00:00,2010,2,2,00:00,,,,,,,,,,,,,,,,,,,,HIGH FALLS,ONTARIO
2010-02-02 01:00,2010,2,2,01:00,,,,,,,,,,,,,,,,,,,,HIGH FALLS,ONTARIO
2010-02-02 02:00,2010,2,2,02:00,,,,,,,,,,,,,,,,,,,,HIGH FALLS,ONTARIO
2010-02-02 03:00,2010,2,2,03:00,,,,,,,,,,,,,,,,,,,,HIGH FALLS,ONTARIO
2010-02-02 04:00,2010,2,2,04:00,,,,,,,,,,,,,,,,,,,,HIGH FALLS,ONTARIO
2010-02-02 05:00,2010,2,2,05:00,,,,,,,,,,,,,,,,,,,,HIGH FALLS,ONTARIO
2010-02-02 06:00,2010,2,2,06:00,,,,,,,,,,,,,,,,,,,,HIGH FALLS,ONTARIO
2010-02-02 07:00,2010,2,2,07:00,,,,,,,,,,,,,,,,,,,,HIGH FALLS,ONTARIO
2010-02-02 08:00,2010,2,2,08:00,,,,,,,,,,,,,,,,,,,,HIGH FALLS,ONTARIO
2010-02-02 09:00,2010,2,2,09:00,,,,,,,,,,,,,,,,,,,,HIGH FALLS,ONTARIO
2010-02-02 10:00,2010,2,2,10:00,,,,,,,,,,,,,,,,,,,,HIGH FALLS,ONTARIO
2010-02-02 11:00,2010,2,2,11:00,,,,,,,,,,,,,,,,,,,,HIGH FALLS,ONTARIO
2010-02-02 12:00,2010,2,2,12:00,,,,,,,,,,,,,,,,,,,,HIGH FALLS,ONTARIO
2010-02-02 13:00,2010,2,2,13:00,,,,,,,,,,,,,,,,,,,,HIGH FALLS,ONTARIO
2010-02-02 14:00,2010,2,2,14:00,,,,,,,,,,,,,,,,,,,,HIGH FALLS,ONTARIO
2010-02-02 15:00,2010,2,2,15:00,,,,,,,,,,,,,,,,,,,,HIGH FALLS,ONTARIO
2010-02-02 16:00,2010,2,2,16:00,,,,,,,,,,,,,,,,,,,,HIGH FALLS,ONTARIO
2010-02-02 17:00,2010,2,2,17:00,,,,,,,,,,,,,,,,,,,,HIGH FALLS,ONTARIO
2010-02-02 18:00,2010,2,2,18:00,,,,,,,,,,,,,,,,,,,,HIGH FALLS,ONTARIO
2010-02-02 19:00,2010,2,2,19:00,,,,,,,,,,,,,,,,,,,,HIGH FALLS,ONTARIO
2010-02-02 20:00,2010,2,2,20:00,,,,,,,,,,,,,,,,,,,,HIGH FALLS,ONTARIO
2010-02-02 21:00,2010,2,2,21:00,,,,,,,,,,,,,,,,,,,,HIGH FALLS,ONTARIO
2010-02-02 22:00,2010,2,2,22:00,,,,,,,,,,,,,,,,,,,,HIGH FALLS,ONTARIO
2010-02-02 23:00,2010,2,2,23:00,,,,,,,,,,,,,,,,,,,,HIGH FALLS,ONTARIO
2010-02-03 00:00,2010,2,3,00:00,,,,,,,,,,,,,,,,,,,,HIGH FALLS,ONTARIO
2010-02-03 01:00,2010,2,3,01:00,,,,,,,,,,,,,,,,,,,,HIGH FALLS,ONTARIO
2010-02-03 02:00,2010,2,3,02:00,,,,,,,,,,,,,,,,,,,,HIGH FALLS,ONTARIO
2010-02-03 03:00,2010,2,3,03:00,,,,,,,,,,,,,,,,,,,,HIGH FALLS,ONTARIO
2010-02-03 04:00,2010,2,3,04:00,,,,,,,,,,,,,,,,,,,,HIGH FALLS,ONTARIO
2010-02-03 05:00,2010,2,3,05:00,,,,,,,,,,,,,,,,,,,,HIGH FALLS,ONTARIO
2010-02-03 06:00,2010,2,3,06:00,,,,,,,,,,,,,,,,,,,,HIGH FALLS,ONTARIO
2010-02-03 07:00,2010,2,3,07:00,,,,,,,,,,,,,,,,,,,,HIGH FALLS,ONTARIO
2010-02-03 08:00,2010,2,3,08:00,,,,,,,,,,,,,,,,,,,,HIGH FALLS,ONTARIO
2010-02-03 09:00,2010,2,3,09:00,,,,,,,,,,,,,,,,,,,,HIGH FALLS,ONTARIO
2010-02-03 10:00,2010,2,3,10:00,,,,,,,,,,,,,,,,,,,,HIGH FALLS,ONTARIO
2010-02-03 11:00,2010,2,3,11:00,,,,,,,,,,,,,,,,,,,,HIGH FALLS,ONTARIO
2010-02-03 12:00,2010,2,3,12:00,,,,,,,,,,,,,,,,,,,,HIGH FALLS,ONTARIO
2010-02-03 13:00,2010,2,3,13:00,,,,,,,,,,,,,,,,,,,,HIGH FALLS,ONTARIO
2010-02-03 14:00,2010,2,3,14:00,,,,,,,,,,,,,,,,,,,,HIGH FALLS,ONTARIO
2010-02-03 15:00,2010,2,3,15:00,,,,,,,,,,,,,,,,,,,,HIGH FALLS,ONTARIO
2010-02-03 16:00,2010,2,3,16:00,,,,,,,,,,,,,,,,,,,,HIGH FALLS,ONTARIO
2010-02-03 17:00,2010,2,3,17:00,,,,,,,,,,,,,,,,,,,,HIGH FALLS,ONTARIO
2010-02-03 18:00,2010,2,3,18:00,,,,,,,,,,,,,,,,,,,,HIGH FALLS,ONTARIO
2010-02-03 19:00,2010,2,3,19:00,,,,,,,,,,,,,,,,,,,,HIGH FALLS,ONTARIO
2010-02-03 20:00,2010,2,3,20:00,,,,,,,,,,,,,,,,,,,,HIGH FALLS,ONTARIO
2010-02-03 21:00,2010,2,3,21:00,,,,,,,,,,,,,,,,,,,,HIGH FALLS,ONTARIO
2010-02-03 22:00,2010,2,3,22:00,,,,,,,,,,,,,,,,,,,,HIGH FALLS,ONTARIO
2010-02-03 23:00,2010,2,3,23:00,,,,,,,,,,,,,,,,,,,,HIGH FALLS,ONTARIO
2010-02-04 00:00,2010,2,4,00:00,,,,,,,,,,,,,,,,,,,,HIGH FALLS,ONTARIO
2010-02-04 01:00,2010,2,4,01:00,,,,,,,,,,,,,,,,,,,,HIGH FALLS,ONTARIO
2010-02-04 02:00,2010,2,4,02:00,,,,,,,,,,,,,,,,,,,,HIGH FALLS,ONTARIO
2010-02-04 03:00,2010,2,4,03:00,,,,,,,,,,,,,,,,,,,,HIGH FALLS,ONTARIO
2010-02-04 04:00,2010,2,4,04:00,,,,,,,,,,,,,,,,,,,,HIGH FALLS,ONTARIO
2010-02-04 05:00,2010,2,4,05:00,,,,,,,,,,,,,,,,,,,,HIGH FALLS,ONTARIO
2010-02-04 06:00,2010,2,4,06:00,,,,,,,,,,,,,,,,,,,,HIGH FALLS,ONTARIO
2010-02-04 07:00,2010,2,4,07:00,,,,,,,,,,,,,,,,,,,,HIGH FALLS,ONTARIO
2010-02-04 08:00,2010,2,4,08:00,,,,,,,,,,,,,,,,,,,,HIGH FALLS,ONTARIO
2010-02-04 09:00,2010,2,4,09:00,,,,,,,,,,,,,,,,,,,,HIGH FALLS,ONTARIO
2010-02-04 10:00,2010,2,4,10:00,,,,,,,,,,,,,,,,,,,,HIGH FALLS,ONTARIO
2010-02-04 11:00,2010,2,4,11:00,,,,,,,,,,,,,,,,,,,,HIGH FALLS,ONTARIO
2010-02-04 12:00,2010,2,4,12:00,,,,,,,,,,,,,,,,,,,,HIGH FALLS,ONTARIO
2010-02-04 13:00,2010,2,4,13:00,,,,,,,,,,,,,,,,,,,,HIGH FALLS,ONTARIO
2010-02-04 14:00,2010,2,4,14:00,,,,,,,,,,,,,,,,,,,,HIGH FALLS,ONTARIO
2010-02-04 15:00,2010,2,4,15:00,,,,,,,,,,,,,,,,,,,,HIGH FALLS,ONTARIO
2010-02-04 16:00,2010,2,4,16:00,,,,,,,,,,,,,,,,,,,,HIGH FALLS,ONTARIO
2010-02-04 17:00,2010,2,4,17:00,,,,,,,,,,,,,,,,,,,,HIGH FALLS,ONTARIO
2010-02-04 18:00,2010,2,4,18:00,,,,,,,,,,,,,,,,,,,,HIGH FALLS,ONTARIO
2010-02-04 19:00,2010,2,4,19:00,,,,,,,,,,,,,,,,,,,,HIGH FALLS,ONTARIO
2010-02-04 20:00,2010,2,4,20:00,,,,,,,,,,,,,,,,,,,,HIGH FALLS,ONTARIO
2010-02-04 21:00,2010,2,4,21:00,,,,,,,,,,,,,,,,,,,,HIGH FALLS,ONTARIO
2010-02-04 22:00,2010,2,4,22:00,,,,,,,,,,,,,,,,,,,,HIGH FALLS,ONTARIO
2010-02-04 23:00,2010,2,4,23:00,,,,,,,,,,,,,,,,,,,,HIGH FALLS,ONTARIO
2010-02-05 00:00,2010,2,5,00:00,,,,,,,,,,,,,,,,,,,,HIGH FALLS,ONTARIO
2010-02-05 01:00,2010,2,5,01:00,,,,,,,,,,,,,,,,,,,,HIGH FALLS,ONTARIO
2010-02-05 02:00,2010,2,5,02:00,,,,,,,,,,,,,,,,,,,,HIGH FALLS,ONTARIO
2010-02-05 03:00,2010,2,5,03:00,,,,,,,,,,,,,,,,,,,,HIGH FALLS,ONTARIO
2010-02-05 04:00,2010,2,5,04:00,,,,,,,,,,,,,,,,,,,,HIGH FALLS,ONTARIO
2010-02-05 05:00,2010,2,5,05:00,,,,,,,,,,,,,,,,,,,,HIGH FALLS,ONTARIO
2010-02-05 06:00,2010,2,5,06:00,,,,,,,,,,,,,,,,,,,,HIGH FALLS,ONTARIO
2010-02-05 07:00,2010,2,5,07:00,,,,,,,,,,,,,,,,,,,,HIGH FALLS,ONTARIO
2010-02-05 08:00,2010,2,5,08:00,,,,,,,,,,,,,,,,,,,,HIGH FALLS,ONTARIO
2010-02-05 09:00,2010,2,5,09:00,,,,,,,,,,,,,,,,,,,,HIGH FALLS,ONTARIO
2010-02-05 10:00,2010,2,5,10:00,,,,,,,,,,,,,,,,,,,,HIGH FALLS,ONTARIO
2010-02-05 11:00,2010,2,5,11:00,,,,,,,,,,,,,,,,,,,,HIGH FALLS,ONTARIO
2010-02-05 12:00,2010,2,5,12:00,,,,,,,,,,,,,,,,,,,,HIGH FALLS,ONTARIO
2010-02-05 13:00,2010,2,5,13:00,,,,,,,,,,,,,,,,,,,,HIGH FALLS,ONTARIO
2010-02-05 14:00,2010,2,5,14:00,,,,,,,,,,,,,,,,,,,,HIGH FALLS,ONTARIO
2010-02-05 15:00,2010,2,5,15:00,,,,,,,,,,,,,,,,,,,,HIGH FALLS,ONTARIO
2010-02-05 16:00,2010,2,5,16:00,,,,,,,,,,,,,,,,,,,,HIGH FALLS,ONTARIO
2010-02-05 17:00,2010,2,5,17:00,,,,,,,,,,,,,,,,,,,,HIGH FALLS,ONTARIO
2010-02-05 18:00,2010,2,5,18:00,,,,,,,,,,,,,,,,,,,,HIGH FALLS,ONTARIO
2010-02-05 19:00,2010,2,5,19:00,,,,,,,,,,,,,,,,,,,,HIGH FALLS,ONTARIO
2010-02-05 20:00,2010,2,5,20:00,,,,,,,,,,,,,,,,,,,,HIGH FALLS,ONTARIO
2010-02-05 21:00,2010,2,5,21:00,,,,,,,,,,,,,,,,,,,,HIGH FALLS,ONTARIO
2010-02-05 22:00,2010,2,5,22:00,,,,,,,,,,,,,,,,,,,,HIGH FALLS,ONTARIO
2010-02-05 23:00,2010,2,5,23:00,,,,,,,,,,,,,,,,,,,,HIGH FALLS,ONTARIO
2010-02-06 00:00,2010,2,6,00:00,,,,,,,,,,,,,,,,,,,,HIGH FALLS,ONTARIO
2010-02-06 01:00,2010,2,6,01:00,,,,,,,,,,,,,,,,,,,,HIGH FALLS,ONTARIO
2010-02-06 02:00,2010,2,6,02:00,,,,,,,,,,,,,,,,,,,,HIGH FALLS,ONTARIO
2010-02-06 03:00,2010,2,6,03:00,,,,,,,,,,,,,,,,,,,,HIGH FALLS,ONTARIO
2010-02-06 04:00,2010,2,6,04:00,,,,,,,,,,,,,,,,,,,,HIGH FALLS,ONTARIO
2010-02-06 05:00,2010,2,6,05:00,,,,,,,,,,,,,,,,,,,,HIGH FALLS,ONTARIO
2010-02-06 06:00,2010,2,6,06:00,,,,,,,,,,,,,,,,,,,,HIGH FALLS,ONTARIO
2010-02-06 07:00,2010,2,6,07:00,,,,,,,,,,,,,,,,,,,,HIGH FALLS,ONTARIO
2010-02-06 08:00,2010,2,6,08:00,,,,,,,,,,,,,,,,,,,,HIGH FALLS,ONTARIO
2010-02-06 09:00,2010,2,6,09:00,,,,,,,,,,,,,,,,,,,,HIGH FALLS,ONTARIO
2010-02-06 10:00,2010,2,6,10:00,,,,,,,,,,,,,,,,,,,,HIGH FALLS,ONTARIO
2010-02-06 11:00,2010,2,6,11:00,,,,,,,,,,,,,,,,,,,,HIGH FALLS,ONTARIO
2010-02-06 12:00,2010,2,6,12:00,,,,,,,,,,,,,,,,,,,,HIGH FALLS,ONTARIO
2010-02-06 13:00,2010,2,6,13:00,,,,,,,,,,,,,,,,,,,,HIGH FALLS,ONTARIO
2010-02-06 14:00,2010,2,6,14:00,,,,,,,,,,,,,,,,,,,,HIGH FALLS,ONTARIO
2010-02-06 15:00,2010,2,6,15:00,,,,,,,,,,,,,,,,,,,,HIGH FALLS,ONTARIO
2010-02-06 16:00,2010,2,6,16:00,,,,,,,,,,,,,,,,,,,,HIGH FALLS,ONTARIO
2010-02-06 17:00,2010,2,6,17:00,,,,,,,,,,,,,,,,,,,,HIGH FALLS,ONTARIO
2010-02-06 18:00,2010,2,6,18:00,,,,,,,,,,,,,,,,,,,,HIGH FALLS,ONTARIO
2010-02-06 19:00,2010,2,6,19:00,,,,,,,,,,,,,,,,,,,,HIGH FALLS,ONTARIO
2010-02-06 20:00,2010,2,6,20:00,,,,,,,,,,,,,,,,,,,,HIGH FALLS,ONTARIO
2010-02-06 21:00,2010,2,6,21:00,,,,,,,,,,,,,,,,,,,,HIGH FALLS,ONTARIO
2010-02-06 22:00,2010,2,6,22:00,,,,,,,,,,,,,,,,,,,,HIGH FALLS,ONTARIO
2010-02-06 23:00,2010,2,6,23:00,,,,,,,,,,,,,,,,,,,,HIGH FALLS,ONTARIO
2010-02-07 00:00,2010,2,7,00:00,,,,,,,,,,,,,,,,,,,,HIGH FALLS,ONTARIO
2010-02-07 01:00,2010,2,7,01:00,,,,,,,,,,,,,,,,,,,,HIGH FALLS,ONTARIO
2010-02-07 02:00,2010,2,7,02:00,,,,,,,,,,,,,,,,,,,,HIGH FALLS,ONTARIO
2010-02-07 03:00,2010,2,7,03:00,,,,,,,,,,,,,,,,,,,,HIGH FALLS,ONTARIO
2010-02-07 04:00,2010,2,7,04:00,,,,,,,,,,,,,,,,,,,,HIGH FALLS,ONTARIO
2010-02-07 05:00,2010,2,7,05:00,,,,,,,,,,,,,,,,,,,,HIGH FALLS,ONTARIO
2010-02-07 06:00,2010,2,7,06:00,,,,,,,,,,,,,,,,,,,,HIGH FALLS,ONTARIO
2010-02-07 07:00,2010,2,7,07:00,,,,,,,,,,,,,,,,,,,,HIGH FALLS,ONTARIO
2010-02-07 08:00,2010,2,7,08:00,,,,,,,,,,,,,,,,,,,,HIGH FALLS,ONTARIO
2010-02-07 09:00,2010,2,7,09:00,,,,,,,,,,,,,,,,,,,,HIGH FALLS,ONTARIO
2010-02-07 10:00,2010,2,7,10:00,,,,,,,,,,,,,,,,,,,,HIGH FALLS,ONTARIO
2010-02-07 11:00,2010,2,7,11:00,,,,,,,,,,,,,,,,,,,,HIGH FALLS,ONTARIO
2010-02-07 12:00,2010,2,7,12:00,,,,,,,,,,,,,,,,,,,,HIGH FALLS,ONTARIO
2010-02-07 13:00,2010,2,7,13:00,,,,,,,,,,,,,,,,,,,,HIGH FALLS,ONTARIO
2010-02-07 14:00,2010,2,7,14:00,,,,,,,,,,,,,,,,,,,,HIGH FALLS,ONTARIO
2010-02-07 15:00,2010,2,7,15:00,,,,,,,,,,,,,,,,,,,,HIGH FALLS,ONTARIO
2010-02-07 16:00,2010,2,7,16:00,,,,,,,,,,,,,,,,,,,,HIGH FALLS,ONTARIO
2010-02-07 17:00,2010,2,7,17:00,,,,,,,,,,,,,,,,,,,,HIGH FALLS,ONTARIO
2010-02-07 18:00,2010,2,7,18:00,,,,,,,,,,,,,,,,,,,,HIGH FALLS,ONTARIO
2010-02-07 19:00,2010,2,7,19:00,,,,,,,,,,,,,,,,,,,,HIGH FALLS,ONTARIO
2010-02-07 20:00,2010,2,7,20:00,,,,,,,,,,,,,,,,,,,,HIGH FALLS,ONTARIO
2010-02-07 21:00,2010,2,7,21:00,,,,,,,,,,,,,,,,,,,,HIGH FALLS,ONTARIO
2010-02-07 22:00,2010,2,7,22:00,,,,,,,,,,,,,,,,,,,,HIGH FALLS,ONTARIO
2010-02-07 23:00,2010,2,7,23:00,,,,,,,,,,,,,,,,,,,,HIGH FALLS,ONTARIO
2010-02-08 00:00,2010,2,8,00:00,,,,,,,,,,,,,,,,,,,,HIGH FALLS,ONTARIO
2010-02-08 01:00,2010,2,8,01:00,,,,,,,,,,,,,,,,,,,,HIGH FALLS,ONTARIO
2010-02-08 02:00,2010,2,8,02:00,,,,,,,,,,,,,,,,,,,,HIGH FALLS,ONTARIO
2010-02-08 03:00,2010,2,8,03:00,,,,,,,,,,,,,,,,,,,,HIGH FALLS,ONTARIO
2010-02-08 04:00,2010,2,8,04:00,,,,,,,,,,,,,,,,,,,,HIGH FALLS,ONTARIO
2010-02-08 05:00,2010,2,8,05:00,,,,,,,,,,,,,,,,,,,,HIGH FALLS,ONTARIO
2010-02-08 06:00,2010,2,8,06:00,,,,,,,,,,,,,,,,,,,,HIGH FALLS,ONTARIO
2010-02-08 07:00,2010,2,8,07:00,,,,,,,,,,,,,,,,,,,,HIGH FALLS,ONTARIO
2010-02-08 08:00,2010,2,8,08:00,,,,,,,,,,,,,,,,,,,,HIGH FALLS,ONTARIO
2010-02-08 09:00,2010,2,8,09:00,,,,,,,,,,,,,,,,,,,,HIGH FALLS,ONTARIO
2010-02-08 10:00,2010,2,8,10:00,,,,,,,,,,,,,,,,,,,,HIGH FALLS,ONTARIO
2010-02-08 11:00,2010,2,8,11:00,,,,,,,,,,,,,,,,,,,,HIGH FALLS,ONTARIO
2010-02-08 12:00,2010,2,8,12:00,,,,,,,,,,,,,,,,,,,,HIGH FALLS,ONTARIO
2010-02-08 13:00,2010,2,8,13:00,,,,,,,,,,,,,,,,,,,,HIGH FALLS,ONTARIO
2010-02-08 14:00,2010,2,8,14:00,,,,,,,,,,,,,,,,,,,,HIGH FALLS,ONTARIO
2010-02-08 15:00,2010,2,8,15:00,,,,,,,,,,,,,,,,,,,,HIGH FALLS,ONTARIO
2010-02-08 16:00,2010,2,8,16:00,,,,,,,,,,,,,,,,,,,,HIGH FALLS,ONTARIO
2010-02-08 17:00,2010,2,8,17:00,,,,,,,,,,,,,,,,,,,,HIGH FALLS,ONTARIO
2010-02-08 18:00,2010,2,8,18:00,,,,,,,,,,,,,,,,,,,,HIGH FALLS,ONTARIO
2010-02-08 19:00,2010,2,8,19:00,,,,,,,,,,,,,,,,,,,,HIGH FALLS,ONTARIO
2010-02-08 20:00,2010,2,8,20:00,,,,,,,,,,,,,,,,,,,,HIGH FALLS,ONTARIO
2010-02-08 21:00,2010,2,8,21:00,,,,,,,,,,,,,,,,,,,,HIGH FALLS,ONTARIO
2010-02-08 22:00,2010,2,8,22:00,,,,,,,,,,,,,,,,,,,,HIGH FALLS,ONTARIO
2010-02-08 23:00,2010,2,8,23:00,,,,,,,,,,,,,,,,,,,,HIGH FALLS,ONTARIO
2010-02-09 00:00,2010,2,9,00:00,,,,,,,,,,,,,,,,,,,,HIGH FALLS,ONTARIO
2010-02-09 01:00,2010,2,9,01:00,,,,,,,,,,,,,,,,,,,,HIGH FALLS,ONTARIO
2010-02-09 02:00,2010,2,9,02:00,,,,,,,,,,,,,,,,,,,,HIGH FALLS,ONTARIO
2010-02-09 03:00,2010,2,9,03:00,,,,,,,,,,,,,,,,,,,,HIGH FALLS,ONTARIO
2010-02-09 04:00,2010,2,9,04:00,,,,,,,,,,,,,,,,,,,,HIGH FALLS,ONTARIO
2010-02-09 05:00,2010,2,9,05:00,,,,,,,,,,,,,,,,,,,,HIGH FALLS,ONTARIO
2010-02-09 06:00,2010,2,9,06:00,,,,,,,,,,,,,,,,,,,,HIGH FALLS,ONTARIO
2010-02-09 07:00,2010,2,9,07:00,,,,,,,,,,,,,,,,,,,,HIGH FALLS,ONTARIO
2010-02-09 08:00,2010,2,9,08:00,,,,,,,,,,,,,,,,,,,,HIGH FALLS,ONTARIO
2010-02-09 09:00,2010,2,9,09:00,,,,,,,,,,,,,,,,,,,,HIGH FALLS,ONTARIO
2010-02-09 10:00,2010,2,9,10:00,,,,,,,,,,,,,,,,,,,,HIGH FALLS,ONTARIO
2010-02-09 11:00,2010,2,9,11:00,,,,,,,,,,,,,,,,,,,,HIGH FALLS,ONTARIO
2010-02-09 12:00,2010,2,9,12:00,,,,,,,,,,,,,,,,,,,,HIGH FALLS,ONTARIO
2010-02-09 13:00,2010,2,9,13:00,,,,,,,,,,,,,,,,,,,,HIGH FALLS,ONTARIO
2010-02-09 14:00,2010,2,9,14:00,,,,,,,,,,,,,,,,,,,,HIGH FALLS,ONTARIO
2010-02-09 15:00,2010,2,9,15:00,,,,,,,,,,,,,,,,,,,,HIGH FALLS,ONTARIO
2010-02-09 16:00,2010,2,9,16:00,,,,,,,,,,,,,,,,,,,,HIGH FALLS,ONTARIO
2010-02-09 17:00,2010,2,9,17:00,,,,,,,,,,,,,,,,,,,,HIGH FALLS,ONTARIO
2010-02-09 18:00,2010,2,9,18:00,,,,,,,,,,,,,,,,,,,,HIGH FALLS,ONTARIO
2010-02-09 19:00,2010,2,9,19:00,,,,,,,,,,,,,,,,,,,,HIGH FALLS,ONTARIO
2010-02-09 20:00,2010,2,9,20:00,,,,,,,,,,,,,,,,,,,,HIGH FALLS,ONTARIO
2010-02-09 21:00,2010,2,9,21:00,,,,,,,,,,,,,,,,,,,,HIGH FALLS,ONTARIO
2010-02-09 22:00,2010,2,9,22:00,,,,,,,,,,,,,,,,,,,,HIGH FALLS,ONTARIO
2010-02-09 23:00,2010,2,9,23:00,,,,,,,,,,,,,,,,,,,,HIGH FALLS,ONTARIO
2010-02-10 00:00,2010,2,10,00:00,,,,,,,,,,,,,,,,,,,,HIGH FALLS,ONTARIO
2010-02-10 01:00,2010,2,10,01:00,,,,,,,,,,,,,,,,,,,,HIGH FALLS,ONTARIO
2010-02-10 02:00,2010,2,10,02:00,,,,,,,,,,,,,,,,,,,,HIGH FALLS,ONTARIO
2010-02-10 03:00,2010,2,10,03:00,,,,,,,,,,,,,,,,,,,,HIGH FALLS,ONTARIO
2010-02-10 04:00,2010,2,10,04:00,,,,,,,,,,,,,,,,,,,,HIGH FALLS,ONTARIO
2010-02-10 05:00,2010,2,10,05:00,,,,,,,,,,,,,,,,,,,,HIGH FALLS,ONTARIO
2010-02-10 06:00,2010,2,10,06:00,,,,,,,,,,,,,,,,,,,,HIGH FALLS,ONTARIO
2010-02-10 07:00,2010,2,10,07:00,,,,,,,,,,,,,,,,,,,,HIGH FALLS,ONTARIO
2010-02-10 08:00,2010,2,10,08:00,,,,,,,,,,,,,,,,,,,,HIGH FALLS,ONTARIO
2010-02-10 09:00,2010,2,10,09:00,,,,,,,,,,,,,,,,,,,,HIGH FALLS,ONTARIO
2010-02-10 10:00,2010,2,10,10:00,,,,,,,,,,,,,,,,,,,,HIGH FALLS,ONTARIO
2010-02-10 11:00,2010,2,10,11:00,,,,,,,,,,,,,,,,,,,,HIGH FALLS,ONTARIO
2010-02-10 12:00,2010,2,10,12:00,,,,,,,,,,,,,,,,,,,,HIGH FALLS,ONTARIO
2010-02-10 13:00,2010,2,10,13:00,,,,,,,,,,,,,,,,,,,,HIGH FALLS,ONTARIO
2010-02-10 14:00,2010,2,10,14:00,,,,,,,,,,,,,,,,,,,,HIGH FALLS,ONTARIO
2010-02-10 15:00,2010,2,10,15:00,,,,,,,,,,,,,,,,,,,,HIGH FALLS,ONTARIO
2010-02-10 16:00,2010,2,10,16:00,,,,,,,,,,,,,,,,,,,,HIGH FALLS,ONTARIO
2010-02-10 17:00,2010,2,10,17:00,,,,,,,,,,,,,,,,,,,,HIGH FALLS,ONTARIO
2010-02-10 18:00,2010,2,10,18:00,,,,,,,,,,,,,,,,,,,,HIGH FALLS,ONTARIO
2010-02-10 19:00,2010,2,10,19:00,,,,,,,,,,,,,,,,,,,,HIGH FALLS,ONTARIO
2010-02-10 20:00,2010,2,10,20:00,,,,,,,,,,,,,,,,,,,,HIGH FALLS,ONTARIO
2010-02-10 21:00,2010,2,10,21:00,,,,,,,,,,,,,,,,,,,,HIGH FALLS,ONTARIO
2010-02-10 22:00,2010,2,10,22:00,,,,,,,,,,,,,,,,,,,,HIGH FALLS,ONTARIO
2010-02-10 23:00,2010,2,10,23:00,,,,,,,,,,,,,,,,,,,,HIGH FALLS,ONTARIO
2010-02-11 00:00,2010,2,11,00:00,,,,,,,,,,,,,,,,,,,,HIGH FALLS,ONTARIO
2010-02-11 01:00,2010,2,11,01:00,,,,,,,,,,,,,,,,,,,,HIGH FALLS,ONTARIO
2010-02-11 02:00,2010,2,11,02:00,,,,,,,,,,,,,,,,,,,,HIGH FALLS,ONTARIO
2010-02-11 03:00,2010,2,11,03:00,,,,,,,,,,,,,,,,,,,,HIGH FALLS,ONTARIO
2010-02-11 04:00,2010,2,11,04:00,,,,,,,,,,,,,,,,,,,,HIGH FALLS,ONTARIO
2010-02-11 05:00,2010,2,11,05:00,,,,,,,,,,,,,,,,,,,,HIGH FALLS,ONTARIO
2010-02-11 06:00,2010,2,11,06:00,,,,,,,,,,,,,,,,,,,,HIGH FALLS,ONTARIO
2010-02-11 07:00,2010,2,11,07:00,,,,,,,,,,,,,,,,,,,,HIGH FALLS,ONTARIO
2010-02-11 08:00,2010,2,11,08:00,,,,,,,,,,,,,,,,,,,,HIGH FALLS,ONTARIO
2010-02-11 09:00,2010,2,11,09:00,,,,,,,,,,,,,,,,,,,,HIGH FALLS,ONTARIO
2010-02-11 10:00,2010,2,11,10:00,,,,,,,,,,,,,,,,,,,,HIGH FALLS,ONTARIO
2010-02-11 11:00,2010,2,11,11:00,,,,,,,,,,,,,,,,,,,,HIGH FALLS,ONTARIO
2010-02-11 12:00,2010,2,11,12:00,,,,,,,,,,,,,,,,,,,,HIGH FALLS,ONTARIO
2010-02-11 13:00,2010,2,11,13:00,,,,,,,,,,,,,,,,,,,,HIGH FALLS,ONTARIO
2010-02-11 14:00,2010,2,11,14:00,,,,,,,,,,,,,,,,,,,,HIGH FALLS,ONTARIO
2010-02-11 15:00,2010,2,11,15:00,,,,,,,,,,,,,,,,,,,,HIGH FALLS,ONTARIO
2010-02-11 16:00,2010,2,11,16:00,,,,,,,,,,,,,,,,,,,,HIGH FALLS,ONTARIO
2010-02-11 17:00,2010,2,11,17:00,,,,,,,,,,,,,,,,,,,,HIGH FALLS,ONTARIO
2010-02-11 18:00,2010,2,11,18:00,,,,,,,,,,,,,,,,,,,,HIGH FALLS,ONTARIO
2010-02-11 19:00,2010,2,11,19:00,,,,,,,,,,,,,,,,,,,,HIGH FALLS,ONTARIO
2010-02-11 20:00,2010,2,11,20:00,,,,,,,,,,,,,,,,,,,,HIGH FALLS,ONTARIO
2010-02-11 21:00,2010,2,11,21:00,,,,,,,,,,,,,,,,,,,,HIGH FALLS,ONTARIO
2010-02-11 22:00,2010,2,11,22:00,,,,,,,,,,,,,,,,,,,,HIGH FALLS,ONTARIO
2010-02-11 23:00,2010,2,11,23:00,,,,,,,,,,,,,,,,,,,,HIGH FALLS,ONTARIO
2010-02-12 00:00,2010,2,12,00:00,,,,,,,,,,,,,,,,,,,,HIGH FALLS,ONTARIO
2010-02-12 01:00,2010,2,12,01:00,,,,,,,,,,,,,,,,,,,,HIGH FALLS,ONTARIO
2010-02-12 02:00,2010,2,12,02:00,,,,,,,,,,,,,,,,,,,,HIGH FALLS,ONTARIO
2010-02-12 03:00,2010,2,12,03:00,,,,,,,,,,,,,,,,,,,,HIGH FALLS,ONTARIO
2010-02-12 04:00,2010,2,12,04:00,,,,,,,,,,,,,,,,,,,,HIGH FALLS,ONTARIO
2010-02-12 05:00,2010,2,12,05:00,,,,,,,,,,,,,,,,,,,,HIGH FALLS,ONTARIO
2010-02-12 06:00,2010,2,12,06:00,,,,,,,,,,,,,,,,,,,,HIGH FALLS,ONTARIO
2010-02-12 07:00,2010,2,12,07:00,,,,,,,,,,,,,,,,,,,,HIGH FALLS,ONTARIO
2010-02-12 08:00,2010,2,12,08:00,,,,,,,,,,,,,,,,,,,,HIGH FALLS,ONTARIO
2010-02-12 09:00,2010,2,12,09:00,,,,,,,,,,,,,,,,,,,,HIGH FALLS,ONTARIO
2010-02-12 10:00,2010,2,12,10:00,,,,,,,,,,,,,,,,,,,,HIGH FALLS,ONTARIO
2010-02-12 11:00,2010,2,12,11:00,,,,,,,,,,,,,,,,,,,,HIGH FALLS,ONTARIO
2010-02-12 12:00,2010,2,12,12:00,,,,,,,,,,,,,,,,,,,,HIGH FALLS,ONTARIO
2010-02-12 13:00,2010,2,12,13:00,,,,,,,,,,,,,,,,,,,,HIGH FALLS,ONTARIO
2010-02-12 14:00,2010,2,12,14:00,,,,,,,,,,,,,,,,,,,,HIGH FALLS,ONTARIO
2010-02-12 15:00,2010,2,12,15:00,,,,,,,,,,,,,,,,,,,,HIGH FALLS,ONTARIO
2010-02-12 16:00,2010,2,12,16:00,,,,,,,,,,,,,,,,,,,,HIGH FALLS,ONTARIO
2010-02-12 17:00,2010,2,12,17:00,,,,,,,,,,,,,,,,,,,,HIGH FALLS,ONTARIO
2010-02-12 18:00,2010,2,12,18:00,,,,,,,,,,,,,,,,,,,,HIGH FALLS,ONTARIO
2010-02-12 19:00,2010,2,12,19:00,,,,,,,,,,,,,,,,,,,,HIGH FALLS,ONTARIO
2010-02-12 20:00,2010,2,12,20:00,,,,,,,,,,,,,,,,,,,,HIGH FALLS,ONTARIO
2010-02-12 21:00,2010,2,12,21:00,,,,,,,,,,,,,,,,,,,,HIGH FALLS,ONTARIO
2010-02-12 22:00,2010,2,12,22:00,,,,,,,,,,,,,,,,,,,,HIGH FALLS,ONTARIO
2010-02-12 23:00,2010,2,12,23:00,,,,,,,,,,,,,,,,,,,,HIGH FALLS,ONTARIO
2010-02-13 00:00,2010,2,13,00:00,,,,,,,,,,,,,,,,,,,,HIGH FALLS,ONTARIO
2010-02-13 01:00,2010,2,13,01:00,,,,,,,,,,,,,,,,,,,,HIGH FALLS,ONTARIO
2010-02-13 02:00,2010,2,13,02:00,,,,,,,,,,,,,,,,,,,,HIGH FALLS,ONTARIO
2010-02-13 03:00,2010,2,13,03:00,,,,,,,,,,,,,,,,,,,,HIGH FALLS,ONTARIO
2010-02-13 04:00,2010,2,13,04:00,,,,,,,,,,,,,,,,,,,,HIGH FALLS,ONTARIO
2010-02-13 05:00,2010,2,13,05:00,,,,,,,,,,,,,,,,,,,,HIGH FALLS,ONTARIO
2010-02-13 06:00,2010,2,13,06:00,,,,,,,,,,,,,,,,,,,,HIGH FALLS,ONTARIO
2010-02-13 07:00,2010,2,13,07:00,,,,,,,,,,,,,,,,,,,,HIGH FALLS,ONTARIO
2010-02-13 08:00,2010,2,13,08:00,,,,,,,,,,,,,,,,,,,,HIGH FALLS,ONTARIO
2010-02-13 09:00,2010,2,13,09:00,,,,,,,,,,,,,,,,,,,,HIGH FALLS,ONTARIO
2010-02-13 10:00,2010,2,13,10:00,,,,,,,,,,,,,,,,,,,,HIGH FALLS,ONTARIO
2010-02-13 11:00,2010,2,13,11:00,,,,,,,,,,,,,,,,,,,,HIGH FALLS,ONTARIO
2010-02-13 12:00,2010,2,13,12:00,,,,,,,,,,,,,,,,,,,,HIGH FALLS,ONTARIO
2010-02-13 13:00,2010,2,13,13:00,,,,,,,,,,,,,,,,,,,,HIGH FALLS,ONTARIO
2010-02-13 14:00,2010,2,13,14:00,,,,,,,,,,,,,,,,,,,,HIGH FALLS,ONTARIO
2010-02-13 15:00,2010,2,13,15:00,,,,,,,,,,,,,,,,,,,,HIGH FALLS,ONTARIO
2010-02-13 16:00,2010,2,13,16:00,,,,,,,,,,,,,,,,,,,,HIGH FALLS,ONTARIO
2010-02-13 17:00,2010,2,13,17:00,,,,,,,,,,,,,,,,,,,,HIGH FALLS,ONTARIO
2010-02-13 18:00,2010,2,13,18:00,,,,,,,,,,,,,,,,,,,,HIGH FALLS,ONTARIO
2010-02-13 19:00,2010,2,13,19:00,,,,,,,,,,,,,,,,,,,,HIGH FALLS,ONTARIO
2010-02-13 20:00,2010,2,13,20:00,,,,,,,,,,,,,,,,,,,,HIGH FALLS,ONTARIO
2010-02-13 21:00,2010,2,13,21:00,,,,,,,,,,,,,,,,,,,,HIGH FALLS,ONTARIO
2010-02-13 22:00,2010,2,13,22:00,,,,,,,,,,,,,,,,,,,,HIGH FALLS,ONTARIO
2010-02-13 23:00,2010,2,13,23:00,,,,,,,,,,,,,,,,,,,,HIGH FALLS,ONTARIO
2010-02-14 00:00,2010,2,14,00:00,,,,,,,,,,,,,,,,,,,,HIGH FALLS,ONTARIO
2010-02-14 01:00,2010,2,14,01:00,,,,,,,,,,,,,,,,,,,,HIGH FALLS,ONTARIO
2010-02-14 02:00,2010,2,14,02:00,,,,,,,,,,,,,,,,,,,,HIGH FALLS,ONTARIO
2010-02-14 03:00,2010,2,14,03:00,,,,,,,,,,,,,,,,,,,,HIGH FALLS,ONTARIO
2010-02-14 04:00,2010,2,14,04:00,,,,,,,,,,,,,,,,,,,,HIGH FALLS,ONTARIO
2010-02-14 05:00,2010,2,14,05:00,,,,,,,,,,,,,,,,,,,,HIGH FALLS,ONTARIO
2010-02-14 06:00,2010,2,14,06:00,,,,,,,,,,,,,,,,,,,,HIGH FALLS,ONTARIO
2010-02-14 07:00,2010,2,14,07:00,,,,,,,,,,,,,,,,,,,,HIGH FALLS,ONTARIO
2010-02-14 08:00,2010,2,14,08:00,,,,,,,,,,,,,,,,,,,,HIGH FALLS,ONTARIO
2010-02-14 09:00,2010,2,14,09:00,,,,,,,,,,,,,,,,,,,,HIGH FALLS,ONTARIO
2010-02-14 10:00,2010,2,14,10:00,,,,,,,,,,,,,,,,,,,,HIGH FALLS,ONTARIO
2010-02-14 11:00,2010,2,14,11:00,,,,,,,,,,,,,,,,,,,,HIGH FALLS,ONTARIO
2010-02-14 12:00,2010,2,14,12:00,,,,,,,,,,,,,,,,,,,,HIGH FALLS,ONTARIO
2010-02-14 13:00,2010,2,14,13:00,,,,,,,,,,,,,,,,,,,,HIGH FALLS,ONTARIO
2010-02-14 14:00,2010,2,14,14:00,,,,,,,,,,,,,,,,,,,,HIGH FALLS,ONTARIO
2010-02-14 15:00,2010,2,14,15:00,,,,,,,,,,,,,,,,,,,,HIGH FALLS,ONTARIO
2010-02-14 16:00,2010,2,14,16:00,,,,,,,,,,,,,,,,,,,,HIGH FALLS,ONTARIO
2010-02-14 17:00,2010,2,14,17:00,,,,,,,,,,,,,,,,,,,,HIGH FALLS,ONTARIO
2010-02-14 18:00,2010,2,14,18:00,,,,,,,,,,,,,,,,,,,,HIGH FALLS,ONTARIO
2010-02-14 19:00,2010,2,14,19:00,,,,,,,,,,,,,,,,,,,,HIGH FALLS,ONTARIO
2010-02-14 20:00,2010,2,14,20:00,,,,,,,,,,,,,,,,,,,,HIGH FALLS,ONTARIO
2010-02-14 21:00,2010,2,14,21:00,,,,,,,,,,,,,,,,,,,,HIGH FALLS,ONTARIO
2010-02-14 22:00,2010,2,14,22:00,,,,,,,,,,,,,,,,,,,,HIGH FALLS,ONTARIO
2010-02-14 23:00,2010,2,14,23:00,,,,,,,,,,,,,,,,,,,,HIGH FALLS,ONTARIO
2010-02-15 00:00,2010,2,15,00:00,,,,,,,,,,,,,,,,,,,,HIGH FALLS,ONTARIO
2010-02-15 01:00,2010,2,15,01:00,,,,,,,,,,,,,,,,,,,,HIGH FALLS,ONTARIO
2010-02-15 02:00,2010,2,15,02:00,,,,,,,,,,,,,,,,,,,,HIGH FALLS,ONTARIO
2010-02-15 03:00,2010,2,15,03:00,,,,,,,,,,,,,,,,,,,,HIGH FALLS,ONTARIO
2010-02-15 04:00,2010,2,15,04:00,,,,,,,,,,,,,,,,,,,,HIGH FALLS,ONTARIO
2010-02-15 05:00,2010,2,15,05:00,,,,,,,,,,,,,,,,,,,,HIGH FALLS,ONTARIO
2010-02-15 06:00,2010,2,15,06:00,,,,,,,,,,,,,,,,,,,,HIGH FALLS,ONTARIO
2010-02-15 07:00,2010,2,15,07:00,,,,,,,,,,,,,,,,,,,,HIGH FALLS,ONTARIO
2010-02-15 08:00,2010,2,15,08:00,,,,,,,,,,,,,,,,,,,,HIGH FALLS,ONTARIO
2010-02-15 09:00,2010,2,15,09:00,,,,,,,,,,,,,,,,,,,,HIGH FALLS,ONTARIO
2010-02-15 10:00,2010,2,15,10:00,,,,,,,,,,,,,,,,,,,,HIGH FALLS,ONTARIO
2010-02-15 11:00,2010,2,15,11:00,,,,,,,,,,,,,,,,,,,,HIGH FALLS,ONTARIO
2010-02-15 12:00,2010,2,15,12:00,,,,,,,,,,,,,,,,,,,,HIGH FALLS,ONTARIO
2010-02-15 13:00,2010,2,15,13:00,,,,,,,,,,,,,,,,,,,,HIGH FALLS,ONTARIO
2010-02-15 14:00,2010,2,15,14:00,,,,,,,,,,,,,,,,,,,,HIGH FALLS,ONTARIO
2010-02-15 15:00,2010,2,15,15:00,,,,,,,,,,,,,,,,,,,,HIGH FALLS,ONTARIO
2010-02-15 16:00,2010,2,15,16:00,,,,,,,,,,,,,,,,,,,,HIGH FALLS,ONTARIO
2010-02-15 17:00,2010,2,15,17:00,,,,,,,,,,,,,,,,,,,,HIGH FALLS,ONTARIO
2010-02-15 18:00,2010,2,15,18:00,,,,,,,,,,,,,,,,,,,,HIGH FALLS,ONTARIO
2010-02-15 19:00,2010,2,15,19:00,,,,,,,,,,,,,,,,,,,,HIGH FALLS,ONTARIO
2010-02-15 20:00,2010,2,15,20:00,,,,,,,,,,,,,,,,,,,,HIGH FALLS,ONTARIO
2010-02-15 21:00,2010,2,15,21:00,,,,,,,,,,,,,,,,,,,,HIGH FALLS,ONTARIO
2010-02-15 22:00,2010,2,15,22:00,,,,,,,,,,,,,,,,,,,,HIGH FALLS,ONTARIO
2010-02-15 23:00,2010,2,15,23:00,,,,,,,,,,,,,,,,,,,,HIGH FALLS,ONTARIO
2010-02-16 00:00,2010,2,16,00:00,,,,,,,,,,,,,,,,,,,,HIGH FALLS,ONTARIO
2010-02-16 01:00,2010,2,16,01:00,,,,,,,,,,,,,,,,,,,,HIGH FALLS,ONTARIO
2010-02-16 02:00,2010,2,16,02:00,,,,,,,,,,,,,,,,,,,,HIGH FALLS,ONTARIO
2010-02-16 03:00,2010,2,16,03:00,,,,,,,,,,,,,,,,,,,,HIGH FALLS,ONTARIO
2010-02-16 04:00,2010,2,16,04:00,,,,,,,,,,,,,,,,,,,,HIGH FALLS,ONTARIO
2010-02-16 05:00,2010,2,16,05:00,,,,,,,,,,,,,,,,,,,,HIGH FALLS,ONTARIO
2010-02-16 06:00,2010,2,16,06:00,,,,,,,,,,,,,,,,,,,,HIGH FALLS,ONTARIO
2010-02-16 07:00,2010,2,16,07:00,,,,,,,,,,,,,,,,,,,,HIGH FALLS,ONTARIO
2010-02-16 08:00,2010,2,16,08:00,,,,,,,,,,,,,,,,,,,,HIGH FALLS,ONTARIO
2010-02-16 09:00,2010,2,16,09:00,,,,,,,,,,,,,,,,,,,,HIGH FALLS,ONTARIO
2010-02-16 10:00,2010,2,16,10:00,,,,,,,,,,,,,,,,,,,,HIGH FALLS,ONTARIO
2010-02-16 11:00,2010,2,16,11:00,,,,,,,,,,,,,,,,,,,,HIGH FALLS,ONTARIO
2010-02-16 12:00,2010,2,16,12:00,,,,,,,,,,,,,,,,,,,,HIGH FALLS,ONTARIO
2010-02-16 13:00,2010,2,16,13:00,,,,,,,,,,,,,,,,,,,,HIGH FALLS,ONTARIO
2010-02-16 14:00,2010,2,16,14:00,,,,,,,,,,,,,,,,,,,,HIGH FALLS,ONTARIO
2010-02-16 15:00,2010,2,16,15:00,,,,,,,,,,,,,,,,,,,,HIGH FALLS,ONTARIO
2010-02-16 16:00,2010,2,16,16:00,,,,,,,,,,,,,,,,,,,,HIGH FALLS,ONTARIO
2010-02-16 17:00,2010,2,16,17:00,,,,,,,,,,,,,,,,,,,,HIGH FALLS,ONTARIO
2010-02-16 18:00,2010,2,16,18:00,,,,,,,,,,,,,,,,,,,,HIGH FALLS,ONTARIO
2010-02-16 19:00,2010,2,16,19:00,,,,,,,,,,,,,,,,,,,,HIGH FALLS,ONTARIO
2010-02-16 20:00,2010,2,16,20:00,,,,,,,,,,,,,,,,,,,,HIGH FALLS,ONTARIO
2010-02-16 21:00,2010,2,16,21:00,,,,,,,,,,,,,,,,,,,,HIGH FALLS,ONTARIO
2010-02-16 22:00,2010,2,16,22:00,,,,,,,,,,,,,,,,,,,,HIGH FALLS,ONTARIO
2010-02-16 23:00,2010,2,16,23:00,,,,,,,,,,,,,,,,,,,,HIGH FALLS,ONTARIO
2010-02-17 00:00,2010,2,17,00:00,,,,,,,,,,,,,,,,,,,,HIGH FALLS,ONTARIO
2010-02-17 01:00,2010,2,17,01:00,,,,,,,,,,,,,,,,,,,,HIGH FALLS,ONTARIO
2010-02-17 02:00,2010,2,17,02:00,,,,,,,,,,,,,,,,,,,,HIGH FALLS,ONTARIO
2010-02-17 03:00,2010,2,17,03:00,,,,,,,,,,,,,,,,,,,,HIGH FALLS,ONTARIO
2010-02-17 04:00,2010,2,17,04:00,,,,,,,,,,,,,,,,,,,,HIGH FALLS,ONTARIO
2010-02-17 05:00,2010,2,17,05:00,,,,,,,,,,,,,,,,,,,,HIGH FALLS,ONTARIO
2010-02-17 06:00,2010,2,17,06:00,,,,,,,,,,,,,,,,,,,,HIGH FALLS,ONTARIO
2010-02-17 07:00,2010,2,17,07:00,,,,,,,,,,,,,,,,,,,,HIGH FALLS,ONTARIO
2010-02-17 08:00,2010,2,17,08:00,,,,,,,,,,,,,,,,,,,,HIGH FALLS,ONTARIO
2010-02-17 09:00,2010,2,17,09:00,,,,,,,,,,,,,,,,,,,,HIGH FALLS,ONTARIO
2010-02-17 10:00,2010,2,17,10:00,,,,,,,,,,,,,,,,,,,,HIGH FALLS,ONTARIO
2010-02-17 11:00,2010,2,17,11:00,,,,,,,,,,,,,,,,,,,,HIGH FALLS,ONTARIO
2010-02-17 12:00,2010,2,17,12:00,,,,,,,,,,,,,,,,,,,,HIGH FALLS,ONTARIO
2010-02-17 13:00,2010,2,17,13:00,,,,,,,,,,,,,,,,,,,,HIGH FALLS,ONTARIO
2010-02-17 14:00,2010,2,17,14:00,,,,,,,,,,,,,,,,,,,,HIGH FALLS,ONTARIO
2010-02-17 15:00,2010,2,17,15:00,,,,,,,,,,,,,,,,,,,,HIGH FALLS,ONTARIO
2010-02-17 16:00,2010,2,17,16:00,,,,,,,,,,,,,,,,,,,,HIGH FALLS,ONTARIO
2010-02-17 17:00,2010,2,17,17:00,,,,,,,,,,,,,,,,,,,,HIGH FALLS,ONTARIO
2010-02-17 18:00,2010,2,17,18:00,,,,,,,,,,,,,,,,,,,,HIGH FALLS,ONTARIO
2010-02-17 19:00,2010,2,17,19:00,,,,,,,,,,,,,,,,,,,,HIGH FALLS,ONTARIO
2010-02-17 20:00,2010,2,17,20:00,,,,,,,,,,,,,,,,,,,,HIGH FALLS,ONTARIO
2010-02-17 21:00,2010,2,17,21:00,,,,,,,,,,,,,,,,,,,,HIGH FALLS,ONTARIO
2010-02-17 22:00,2010,2,17,22:00,,,,,,,,,,,,,,,,,,,,HIGH FALLS,ONTARIO
2010-02-17 23:00,2010,2,17,23:00,,,,,,,,,,,,,,,,,,,,HIGH FALLS,ONTARIO
2010-02-18 00:00,2010,2,18,00:00,,,,,,,,,,,,,,,,,,,,HIGH FALLS,ONTARIO
2010-02-18 01:00,2010,2,18,01:00,,,,,,,,,,,,,,,,,,,,HIGH FALLS,ONTARIO
2010-02-18 02:00,2010,2,18,02:00,,,,,,,,,,,,,,,,,,,,HIGH FALLS,ONTARIO
2010-02-18 03:00,2010,2,18,03:00,,,,,,,,,,,,,,,,,,,,HIGH FALLS,ONTARIO
2010-02-18 04:00,2010,2,18,04:00,,,,,,,,,,,,,,,,,,,,HIGH FALLS,ONTARIO
2010-02-18 05:00,2010,2,18,05:00,,,,,,,,,,,,,,,,,,,,HIGH FALLS,ONTARIO
2010-02-18 06:00,2010,2,18,06:00,,,,,,,,,,,,,,,,,,,,HIGH FALLS,ONTARIO
2010-02-18 07:00,2010,2,18,07:00,,,,,,,,,,,,,,,,,,,,HIGH FALLS,ONTARIO
2010-02-18 08:00,2010,2,18,08:00,,,,,,,,,,,,,,,,,,,,HIGH FALLS,ONTARIO
2010-02-18 09:00,2010,2,18,09:00,,,,,,,,,,,,,,,,,,,,HIGH FALLS,ONTARIO
2010-02-18 10:00,2010,2,18,10:00,,,,,,,,,,,,,,,,,,,,HIGH FALLS,ONTARIO
2010-02-18 11:00,2010,2,18,11:00,,,,,,,,,,,,,,,,,,,,HIGH FALLS,ONTARIO
2010-02-18 12:00,2010,2,18,12:00,,,,,,,,,,,,,,,,,,,,HIGH FALLS,ONTARIO
2010-02-18 13:00,2010,2,18,13:00,,,,,,,,,,,,,,,,,,,,HIGH FALLS,ONTARIO
2010-02-18 14:00,2010,2,18,14:00,,,,,,,,,,,,,,,,,,,,HIGH FALLS,ONTARIO
2010-02-18 15:00,2010,2,18,15:00,,,,,,,,,,,,,,,,,,,,HIGH FALLS,ONTARIO
2010-02-18 16:00,2010,2,18,16:00,,,,,,,,,,,,,,,,,,,,HIGH FALLS,ONTARIO
2010-02-18 17:00,2010,2,18,17:00,,,,,,,,,,,,,,,,,,,,HIGH FALLS,ONTARIO
2010-02-18 18:00,2010,2,18,18:00,,,,,,,,,,,,,,,,,,,,HIGH FALLS,ONTARIO
2010-02-18 19:00,2010,2,18,19:00,,,,,,,,,,,,,,,,,,,,HIGH FALLS,ONTARIO
2010-02-18 20:00,2010,2,18,20:00,,,,,,,,,,,,,,,,,,,,HIGH FALLS,ONTARIO
2010-02-18 21:00,2010,2,18,21:00,,,,,,,,,,,,,,,,,,,,HIGH FALLS,ONTARIO
2010-02-18 22:00,2010,2,18,22:00,,,,,,,,,,,,,,,,,,,,HIGH FALLS,ONTARIO
2010-02-18 23:00,2010,2,18,23:00,,,,,,,,,,,,,,,,,,,,HIGH FALLS,ONTARIO
2010-02-19 00:00,2010,2,19,00:00,,,,,,,,,,,,,,,,,,,,HIGH FALLS,ONTARIO
2010-02-19 01:00,2010,2,19,01:00,,,,,,,,,,,,,,,,,,,,HIGH FALLS,ONTARIO
2010-02-19 02:00,2010,2,19,02:00,,,,,,,,,,,,,,,,,,,,HIGH FALLS,ONTARIO
2010-02-19 03:00,2010,2,19,03:00,,,,,,,,,,,,,,,,,,,,HIGH FALLS,ONTARIO
2010-02-19 04:00,2010,2,19,04:00,,,,,,,,,,,,,,,,,,,,HIGH FALLS,ONTARIO
2010-02-19 05:00,2010,2,19,05:00,,,,,,,,,,,,,,,,,,,,HIGH FALLS,ONTARIO
2010-02-19 06:00,2010,2,19,06:00,,,,,,,,,,,,,,,,,,,,HIGH FALLS,ONTARIO
2010-02-19 07:00,2010,2,19,07:00,,,,,,,,,,,,,,,,,,,,HIGH FALLS,ONTARIO
2010-02-19 08:00,2010,2,19,08:00,,,,,,,,,,,,,,,,,,,,HIGH FALLS,ONTARIO
2010-02-19 09:00,2010,2,19,09:00,,,,,,,,,,,,,,,,,,,,HIGH FALLS,ONTARIO
2010-02-19 10:00,2010,2,19,10:00,,,,,,,,,,,,,,,,,,,,HIGH FALLS,ONTARIO
2010-02-19 11:00,2010,2,19,11:00,,,,,,,,,,,,,,,,,,,,HIGH FALLS,ONTARIO
2010-02-19 12:00,2010,2,19,12:00,,,,,,,,,,,,,,,,,,,,HIGH FALLS,ONTARIO
2010-02-19 13:00,2010,2,19,13:00,,,,,,,,,,,,,,,,,,,,HIGH FALLS,ONTARIO
2010-02-19 14:00,2010,2,19,14:00,,,,,,,,,,,,,,,,,,,,HIGH FALLS,ONTARIO
2010-02-19 15:00,2010,2,19,15:00,,,,,,,,,,,,,,,,,,,,HIGH FALLS,ONTARIO
2010-02-19 16:00,2010,2,19,16:00,,,,,,,,,,,,,,,,,,,,HIGH FALLS,ONTARIO
2010-02-19 17:00,2010,2,19,17:00,,,,,,,,,,,,,,,,,,,,HIGH FALLS,ONTARIO
2010-02-19 18:00,2010,2,19,18:00,,,,,,,,,,,,,,,,,,,,HIGH FALLS,ONTARIO
2010-02-19 19:00,2010,2,19,19:00,,,,,,,,,,,,,,,,,,,,HIGH FALLS,ONTARIO
2010-02-19 20:00,2010,2,19,20:00,,,,,,,,,,,,,,,,,,,,HIGH FALLS,ONTARIO
2010-02-19 21:00,2010,2,19,21:00,,,,,,,,,,,,,,,,,,,,HIGH FALLS,ONTARIO
2010-02-19 22:00,2010,2,19,22:00,,,,,,,,,,,,,,,,,,,,HIGH FALLS,ONTARIO
2010-02-19 23:00,2010,2,19,23:00,,,,,,,,,,,,,,,,,,,,HIGH FALLS,ONTARIO
2010-02-20 00:00,2010,2,20,00:00,,,,,,,,,,,,,,,,,,,,HIGH FALLS,ONTARIO
2010-02-20 01:00,2010,2,20,01:00,,,,,,,,,,,,,,,,,,,,HIGH FALLS,ONTARIO
2010-02-20 02:00,2010,2,20,02:00,,,,,,,,,,,,,,,,,,,,HIGH FALLS,ONTARIO
2010-02-20 03:00,2010,2,20,03:00,,,,,,,,,,,,,,,,,,,,HIGH FALLS,ONTARIO
2010-02-20 04:00,2010,2,20,04:00,,,,,,,,,,,,,,,,,,,,HIGH FALLS,ONTARIO
2010-02-20 05:00,2010,2,20,05:00,,,,,,,,,,,,,,,,,,,,HIGH FALLS,ONTARIO
2010-02-20 06:00,2010,2,20,06:00,,,,,,,,,,,,,,,,,,,,HIGH FALLS,ONTARIO
2010-02-20 07:00,2010,2,20,07:00,,,,,,,,,,,,,,,,,,,,HIGH FALLS,ONTARIO
2010-02-20 08:00,2010,2,20,08:00,,,,,,,,,,,,,,,,,,,,HIGH FALLS,ONTARIO
2010-02-20 09:00,2010,2,20,09:00,,,,,,,,,,,,,,,,,,,,HIGH FALLS,ONTARIO
2010-02-20 10:00,2010,2,20,10:00,,,,,,,,,,,,,,,,,,,,HIGH FALLS,ONTARIO
2010-02-20 11:00,2010,2,20,11:00,,,,,,,,,,,,,,,,,,,,HIGH FALLS,ONTARIO
2010-02-20 12:00,2010,2,20,12:00,,,,,,,,,,,,,,,,,,,,HIGH FALLS,ONTARIO
2010-02-20 13:00,2010,2,20,13:00,,,,,,,,,,,,,,,,,,,,HIGH FALLS,ONTARIO
2010-02-20 14:00,2010,2,20,14:00,,,,,,,,,,,,,,,,,,,,HIGH FALLS,ONTARIO
2010-02-20 15:00,2010,2,20,15:00,,,,,,,,,,,,,,,,,,,,HIGH FALLS,ONTARIO
2010-02-20 16:00,2010,2,20,16:00,,,,,,,,,,,,,,,,,,,,HIGH FALLS,ONTARIO
2010-02-20 17:00,2010,2,20,17:00,,,,,,,,,,,,,,,,,,,,HIGH FALLS,ONTARIO
2010-02-20 18:00,2010,2,20,18:00,,,,,,,,,,,,,,,,,,,,HIGH FALLS,ONTARIO
2010-02-20 19:00,2010,2,20,19:00,,,,,,,,,,,,,,,,,,,,HIGH FALLS,ONTARIO
2010-02-20 20:00,2010,2,20,20:00,,,,,,,,,,,,,,,,,,,,HIGH FALLS,ONTARIO
2010-02-20 21:00,2010,2,20,21:00,,,,,,,,,,,,,,,,,,,,HIGH FALLS,ONTARIO
2010-02-20 22:00,2010,2,20,22:00,,,,,,,,,,,,,,,,,,,,HIGH FALLS,ONTARIO
2010-02-20 23:00,2010,2,20,23:00,,,,,,,,,,,,,,,,,,,,HIGH FALLS,ONTARIO
2010-02-21 00:00,2010,2,21,00:00,,,,,,,,,,,,,,,,,,,,HIGH FALLS,ONTARIO
2010-02-21 01:00,2010,2,21,01:00,,,,,,,,,,,,,,,,,,,,HIGH FALLS,ONTARIO
2010-02-21 02:00,2010,2,21,02:00,,,,,,,,,,,,,,,,,,,,HIGH FALLS,ONTARIO
2010-02-21 03:00,2010,2,21,03:00,,,,,,,,,,,,,,,,,,,,HIGH FALLS,ONTARIO
2010-02-21 04:00,2010,2,21,04:00,,,,,,,,,,,,,,,,,,,,HIGH FALLS,ONTARIO
2010-02-21 05:00,2010,2,21,05:00,,,,,,,,,,,,,,,,,,,,HIGH FALLS,ONTARIO
2010-02-21 06:00,2010,2,21,06:00,,,,,,,,,,,,,,,,,,,,HIGH FALLS,ONTARIO
2010-02-21 07:00,2010,2,21,07:00,,,,,,,,,,,,,,,,,,,,HIGH FALLS,ONTARIO
2010-02-21 08:00,2010,2,21,08:00,,,,,,,,,,,,,,,,,,,,HIGH FALLS,ONTARIO
2010-02-21 09:00,2010,2,21,09:00,,,,,,,,,,,,,,,,,,,,HIGH FALLS,ONTARIO
2010-02-21 10:00,2010,2,21,10:00,,,,,,,,,,,,,,,,,,,,HIGH FALLS,ONTARIO
2010-02-21 11:00,2010,2,21,11:00,,,,,,,,,,,,,,,,,,,,HIGH FALLS,ONTARIO
2010-02-21 12:00,2010,2,21,12:00,,,,,,,,,,,,,,,,,,,,HIGH FALLS,ONTARIO
2010-02-21 13:00,2010,2,21,13:00,,,,,,,,,,,,,,,,,,,,HIGH FALLS,ONTARIO
2010-02-21 14:00,2010,2,21,14:00,,,,,,,,,,,,,,,,,,,,HIGH FALLS,ONTARIO
2010-02-21 15:00,2010,2,21,15:00,,,,,,,,,,,,,,,,,,,,HIGH FALLS,ONTARIO
2010-02-21 16:00,2010,2,21,16:00,,,,,,,,,,,,,,,,,,,,HIGH FALLS,ONTARIO
2010-02-21 17:00,2010,2,21,17:00,,,,,,,,,,,,,,,,,,,,HIGH FALLS,ONTARIO
2010-02-21 18:00,2010,2,21,18:00,,,,,,,,,,,,,,,,,,,,HIGH FALLS,ONTARIO
2010-02-21 19:00,2010,2,21,19:00,,,,,,,,,,,,,,,,,,,,HIGH FALLS,ONTARIO
2010-02-21 20:00,2010,2,21,20:00,,,,,,,,,,,,,,,,,,,,HIGH FALLS,ONTARIO
2010-02-21 21:00,2010,2,21,21:00,,,,,,,,,,,,,,,,,,,,HIGH FALLS,ONTARIO
2010-02-21 22:00,2010,2,21,22:00,,,,,,,,,,,,,,,,,,,,HIGH FALLS,ONTARIO
2010-02-21 23:00,2010,2,21,23:00,,,,,,,,,,,,,,,,,,,,HIGH FALLS,ONTARIO
2010-02-22 00:00,2010,2,22,00:00,,,,,,,,,,,,,,,,,,,,HIGH FALLS,ONTARIO
2010-02-22 01:00,2010,2,22,01:00,,,,,,,,,,,,,,,,,,,,HIGH FALLS,ONTARIO
2010-02-22 02:00,2010,2,22,02:00,,,,,,,,,,,,,,,,,,,,HIGH FALLS,ONTARIO
2010-02-22 03:00,2010,2,22,03:00,,,,,,,,,,,,,,,,,,,,HIGH FALLS,ONTARIO
2010-02-22 04:00,2010,2,22,04:00,,,,,,,,,,,,,,,,,,,,HIGH FALLS,ONTARIO
2010-02-22 05:00,2010,2,22,05:00,,,,,,,,,,,,,,,,,,,,HIGH FALLS,ONTARIO
2010-02-22 06:00,2010,2,22,06:00,,,,,,,,,,,,,,,,,,,,HIGH FALLS,ONTARIO
2010-02-22 07:00,2010,2,22,07:00,,,,,,,,,,,,,,,,,,,,HIGH FALLS,ONTARIO
2010-02-22 08:00,2010,2,22,08:00,,,,,,,,,,,,,,,,,,,,HIGH FALLS,ONTARIO
2010-02-22 09:00,2010,2,22,09:00,,,,,,,,,,,,,,,,,,,,HIGH FALLS,ONTARIO
2010-02-22 10:00,2010,2,22,10:00,,,,,,,,,,,,,,,,,,,,HIGH FALLS,ONTARIO
2010-02-22 11:00,2010,2,22,11:00,,,,,,,,,,,,,,,,,,,,HIGH FALLS,ONTARIO
2010-02-22 12:00,2010,2,22,12:00,,,,,,,,,,,,,,,,,,,,HIGH FALLS,ONTARIO
2010-02-22 13:00,2010,2,22,13:00,,,,,,,,,,,,,,,,,,,,HIGH FALLS,ONTARIO
2010-02-22 14:00,2010,2,22,14:00,,,,,,,,,,,,,,,,,,,,HIGH FALLS,ONTARIO
2010-02-22 15:00,2010,2,22,15:00,,,,,,,,,,,,,,,,,,,,HIGH FALLS,ONTARIO
2010-02-22 16:00,2010,2,22,16:00,,,,,,,,,,,,,,,,,,,,HIGH FALLS,ONTARIO
2010-02-22 17:00,2010,2,22,17:00,,,,,,,,,,,,,,,,,,,,HIGH FALLS,ONTARIO
2010-02-22 18:00,2010,2,22,18:00,,,,,,,,,,,,,,,,,,,,HIGH FALLS,ONTARIO
2010-02-22 19:00,2010,2,22,19:00,,,,,,,,,,,,,,,,,,,,HIGH FALLS,ONTARIO
2010-02-22 20:00,2010,2,22,20:00,,,,,,,,,,,,,,,,,,,,HIGH FALLS,ONTARIO
2010-02-22 21:00,2010,2,22,21:00,,,,,,,,,,,,,,,,,,,,HIGH FALLS,ONTARIO
2010-02-22 22:00,2010,2,22,22:00,,,,,,,,,,,,,,,,,,,,HIGH FALLS,ONTARIO
2010-02-22 23:00,2010,2,22,23:00,,,,,,,,,,,,,,,,,,,,HIGH FALLS,ONTARIO
2010-02-23 00:00,2010,2,23,00:00,,,,,,,,,,,,,,,,,,,,HIGH FALLS,ONTARIO
2010-02-23 01:00,2010,2,23,01:00,,,,,,,,,,,,,,,,,,,,HIGH FALLS,ONTARIO
2010-02-23 02:00,2010,2,23,02:00,,,,,,,,,,,,,,,,,,,,HIGH FALLS,ONTARIO
2010-02-23 03:00,2010,2,23,03:00,,,,,,,,,,,,,,,,,,,,HIGH FALLS,ONTARIO
2010-02-23 04:00,2010,2,23,04:00,,,,,,,,,,,,,,,,,,,,HIGH FALLS,ONTARIO
2010-02-23 05:00,2010,2,23,05:00,,,,,,,,,,,,,,,,,,,,HIGH FALLS,ONTARIO
2010-02-23 06:00,2010,2,23,06:00,,,,,,,,,,,,,,,,,,,,HIGH FALLS,ONTARIO
2010-02-23 07:00,2010,2,23,07:00,,,,,,,,,,,,,,,,,,,,HIGH FALLS,ONTARIO
2010-02-23 08:00,2010,2,23,08:00,,,,,,,,,,,,,,,,,,,,HIGH FALLS,ONTARIO
2010-02-23 09:00,2010,2,23,09:00,,,,,,,,,,,,,,,,,,,,HIGH FALLS,ONTARIO
2010-02-23 10:00,2010,2,23,10:00,,,,,,,,,,,,,,,,,,,,HIGH FALLS,ONTARIO
2010-02-23 11:00,2010,2,23,11:00,,,,,,,,,,,,,,,,,,,,HIGH FALLS,ONTARIO
2010-02-23 12:00,2010,2,23,12:00,,,,,,,,,,,,,,,,,,,,HIGH FALLS,ONTARIO
2010-02-23 13:00,2010,2,23,13:00,,,,,,,,,,,,,,,,,,,,HIGH FALLS,ONTARIO
2010-02-23 14:00,2010,2,23,14:00,,,,,,,,,,,,,,,,,,,,HIGH FALLS,ONTARIO
2010-02-23 15:00,2010,2,23,15:00,,,,,,,,,,,,,,,,,,,,HIGH FALLS,ONTARIO
2010-02-23 16:00,2010,2,23,16:00,,,,,,,,,,,,,,,,,,,,HIGH FALLS,ONTARIO
2010-02-23 17:00,2010,2,23,17:00,,,,,,,,,,,,,,,,,,,,HIGH FALLS,ONTARIO
2010-02-23 18:00,2010,2,23,18:00,,,,,,,,,,,,,,,,,,,,HIGH FALLS,ONTARIO
2010-02-23 19:00,2010,2,23,19:00,,,,,,,,,,,,,,,,,,,,HIGH FALLS,ONTARIO
2010-02-23 20:00,2010,2,23,20:00,,,,,,,,,,,,,,,,,,,,HIGH FALLS,ONTARIO
2010-02-23 21:00,2010,2,23,21:00,,,,,,,,,,,,,,,,,,,,HIGH FALLS,ONTARIO
2010-02-23 22:00,2010,2,23,22:00,,,,,,,,,,,,,,,,,,,,HIGH FALLS,ONTARIO
2010-02-23 23:00,2010,2,23,23:00,,,,,,,,,,,,,,,,,,,,HIGH FALLS,ONTARIO
2010-02-24 00:00,2010,2,24,00:00,,,,,,,,,,,,,,,,,,,,HIGH FALLS,ONTARIO
2010-02-24 01:00,2010,2,24,01:00,,,,,,,,,,,,,,,,,,,,HIGH FALLS,ONTARIO
2010-02-24 02:00,2010,2,24,02:00,,,,,,,,,,,,,,,,,,,,HIGH FALLS,ONTARIO
2010-02-24 03:00,2010,2,24,03:00,,,,,,,,,,,,,,,,,,,,HIGH FALLS,ONTARIO
2010-02-24 04:00,2010,2,24,04:00,,,,,,,,,,,,,,,,,,,,HIGH FALLS,ONTARIO
2010-02-24 05:00,2010,2,24,05:00,,,,,,,,,,,,,,,,,,,,HIGH FALLS,ONTARIO
2010-02-24 06:00,2010,2,24,06:00,,,,,,,,,,,,,,,,,,,,HIGH FALLS,ONTARIO
2010-02-24 07:00,2010,2,24,07:00,,,,,,,,,,,,,,,,,,,,HIGH FALLS,ONTARIO
2010-02-24 08:00,2010,2,24,08:00,,,,,,,,,,,,,,,,,,,,HIGH FALLS,ONTARIO
2010-02-24 09:00,2010,2,24,09:00,,,,,,,,,,,,,,,,,,,,HIGH FALLS,ONTARIO
2010-02-24 10:00,2010,2,24,10:00,,,,,,,,,,,,,,,,,,,,HIGH FALLS,ONTARIO
2010-02-24 11:00,2010,2,24,11:00,,,,,,,,,,,,,,,,,,,,HIGH FALLS,ONTARIO
2010-02-24 12:00,2010,2,24,12:00,,,,,,,,,,,,,,,,,,,,HIGH FALLS,ONTARIO
2010-02-24 13:00,2010,2,24,13:00,,,,,,,,,,,,,,,,,,,,HIGH FALLS,ONTARIO
2010-02-24 14:00,2010,2,24,14:00,,,,,,,,,,,,,,,,,,,,HIGH FALLS,ONTARIO
2010-02-24 15:00,2010,2,24,15:00,,,,,,,,,,,,,,,,,,,,HIGH FALLS,ONTARIO
2010-02-24 16:00,2010,2,24,16:00,,,,,,,,,,,,,,,,,,,,HIGH FALLS,ONTARIO
2010-02-24 17:00,2010,2,24,17:00,,,,,,,,,,,,,,,,,,,,HIGH FALLS,ONTARIO
2010-02-24 18:00,2010,2,24,18:00,,,,,,,,,,,,,,,,,,,,HIGH FALLS,ONTARIO
2010-02-24 19:00,2010,2,24,19:00,,,,,,,,,,,,,,,,,,,,HIGH FALLS,ONTARIO
2010-02-24 20:00,2010,2,24,20:00,,,,,,,,,,,,,,,,,,,,HIGH FALLS,ONTARIO
2010-02-24 21:00,2010,2,24,21:00,,,,,,,,,,,,,,,,,,,,HIGH FALLS,ONTARIO
2010-02-24 22:00,2010,2,24,22:00,,,,,,,,,,,,,,,,,,,,HIGH FALLS,ONTARIO
2010-02-24 23:00,2010,2,24,23:00,,,,,,,,,,,,,,,,,,,,HIGH FALLS,ONTARIO
2010-02-25 00:00,2010,2,25,00:00,,,,,,,,,,,,,,,,,,,,HIGH FALLS,ONTARIO
2010-02-25 01:00,2010,2,25,01:00,,,,,,,,,,,,,,,,,,,,HIGH FALLS,ONTARIO
2010-02-25 02:00,2010,2,25,02:00,,,,,,,,,,,,,,,,,,,,HIGH FALLS,ONTARIO
2010-02-25 03:00,2010,2,25,03:00,,,,,,,,,,,,,,,,,,,,HIGH FALLS,ONTARIO
2010-02-25 04:00,2010,2,25,04:00,,,,,,,,,,,,,,,,,,,,HIGH FALLS,ONTARIO
2010-02-25 05:00,2010,2,25,05:00,,,,,,,,,,,,,,,,,,,,HIGH FALLS,ONTARIO
2010-02-25 06:00,2010,2,25,06:00,,,,,,,,,,,,,,,,,,,,HIGH FALLS,ONTARIO
2010-02-25 07:00,2010,2,25,07:00,,,,,,,,,,,,,,,,,,,,HIGH FALLS,ONTARIO
2010-02-25 08:00,2010,2,25,08:00,,,,,,,,,,,,,,,,,,,,HIGH FALLS,ONTARIO
2010-02-25 09:00,2010,2,25,09:00,,,,,,,,,,,,,,,,,,,,HIGH FALLS,ONTARIO
2010-02-25 10:00,2010,2,25,10:00,,,,,,,,,,,,,,,,,,,,HIGH FALLS,ONTARIO
2010-02-25 11:00,2010,2,25,11:00,,,,,,,,,,,,,,,,,,,,HIGH FALLS,ONTARIO
2010-02-25 12:00,2010,2,25,12:00,,,,,,,,,,,,,,,,,,,,HIGH FALLS,ONTARIO
2010-02-25 13:00,2010,2,25,13:00,,,,,,,,,,,,,,,,,,,,HIGH FALLS,ONTARIO
2010-02-25 14:00,2010,2,25,14:00,,,,,,,,,,,,,,,,,,,,HIGH FALLS,ONTARIO
2010-02-25 15:00,2010,2,25,15:00,,,,,,,,,,,,,,,,,,,,HIGH FALLS,ONTARIO
2010-02-25 16:00,2010,2,25,16:00,,,,,,,,,,,,,,,,,,,,HIGH FALLS,ONTARIO
2010-02-25 17:00,2010,2,25,17:00,,,,,,,,,,,,,,,,,,,,HIGH FALLS,ONTARIO
2010-02-25 18:00,2010,2,25,18:00,,,,,,,,,,,,,,,,,,,,HIGH FALLS,ONTARIO
2010-02-25 19:00,2010,2,25,19:00,,,,,,,,,,,,,,,,,,,,HIGH FALLS,ONTARIO
2010-02-25 20:00,2010,2,25,20:00,,,,,,,,,,,,,,,,,,,,HIGH FALLS,ONTARIO
2010-02-25 21:00,2010,2,25,21:00,,,,,,,,,,,,,,,,,,,,HIGH FALLS,ONTARIO
2010-02-25 22:00,2010,2,25,22:00,,,,,,,,,,,,,,,,,,,,HIGH FALLS,ONTARIO
2010-02-25 23:00,2010,2,25,23:00,,,,,,,,,,,,,,,,,,,,HIGH FALLS,ONTARIO
2010-02-26 00:00,2010,2,26,00:00,,,,,,,,,,,,,,,,,,,,HIGH FALLS,ONTARIO
2010-02-26 01:00,2010,2,26,01:00,,,,,,,,,,,,,,,,,,,,HIGH FALLS,ONTARIO
2010-02-26 02:00,2010,2,26,02:00,,,,,,,,,,,,,,,,,,,,HIGH FALLS,ONTARIO
2010-02-26 03:00,2010,2,26,03:00,,,,,,,,,,,,,,,,,,,,HIGH FALLS,ONTARIO
2010-02-26 04:00,2010,2,26,04:00,,,,,,,,,,,,,,,,,,,,HIGH FALLS,ONTARIO
2010-02-26 05:00,2010,2,26,05:00,,,,,,,,,,,,,,,,,,,,HIGH FALLS,ONTARIO
2010-02-26 06:00,2010,2,26,06:00,,,,,,,,,,,,,,,,,,,,HIGH FALLS,ONTARIO
2010-02-26 07:00,2010,2,26,07:00,,,,,,,,,,,,,,,,,,,,HIGH FALLS,ONTARIO
2010-02-26 08:00,2010,2,26,08:00,,,,,,,,,,,,,,,,,,,,HIGH FALLS,ONTARIO
2010-02-26 09:00,2010,2,26,09:00,,,,,,,,,,,,,,,,,,,,HIGH FALLS,ONTARIO
2010-02-26 10:00,2010,2,26,10:00,,,,,,,,,,,,,,,,,,,,HIGH FALLS,ONTARIO
2010-02-26 11:00,2010,2,26,11:00,,,,,,,,,,,,,,,,,,,,HIGH FALLS,ONTARIO
2010-02-26 12:00,2010,2,26,12:00,,,,,,,,,,,,,,,,,,,,HIGH FALLS,ONTARIO
2010-02-26 13:00,2010,2,26,13:00,,,,,,,,,,,,,,,,,,,,HIGH FALLS,ONTARIO
2010-02-26 14:00,2010,2,26,14:00,,,,,,,,,,,,,,,,,,,,HIGH FALLS,ONTARIO
2010-02-26 15:00,2010,2,26,15:00,,,,,,,,,,,,,,,,,,,,HIGH FALLS,ONTARIO
2010-02-26 16:00,2010,2,26,16:00,,,,,,,,,,,,,,,,,,,,HIGH FALLS,ONTARIO
2010-02-26 17:00,2010,2,26,17:00,,,,,,,,,,,,,,,,,,,,HIGH FALLS,ONTARIO
2010-02-26 18:00,2010,2,26,18:00,,,,,,,,,,,,,,,,,,,,HIGH FALLS,ONTARIO
2010-02-26 19:00,2010,2,26,19:00,,,,,,,,,,,,,,,,,,,,HIGH FALLS,ONTARIO
2010-02-26 20:00,2010,2,26,20:00,,,,,,,,,,,,,,,,,,,,HIGH FALLS,ONTARIO
2010-02-26 21:00,2010,2,26,21:00,,,,,,,,,,,,,,,,,,,,HIGH FALLS,ONTARIO
2010-02-26 22:00,2010,2,26,22:00,,,,,,,,,,,,,,,,,,,,HIGH FALLS,ONTARIO
2010-02-26 23:00,2010,2,26,23:00,,,,,,,,,,,,,,,,,,,,HIGH FALLS,ONTARIO
2010-02-27 00:00,2010,2,27,00:00,,,,,,,,,,,,,,,,,,,,HIGH FALLS,ONTARIO
2010-02-27 01:00,2010,2,27,01:00,,,,,,,,,,,,,,,,,,,,HIGH FALLS,ONTARIO
2010-02-27 02:00,2010,2,27,02:00,,,,,,,,,,,,,,,,,,,,HIGH FALLS,ONTARIO
2010-02-27 03:00,2010,2,27,03:00,,,,,,,,,,,,,,,,,,,,HIGH FALLS,ONTARIO
2010-02-27 04:00,2010,2,27,04:00,,,,,,,,,,,,,,,,,,,,HIGH FALLS,ONTARIO
2010-02-27 05:00,2010,2,27,05:00,,,,,,,,,,,,,,,,,,,,HIGH FALLS,ONTARIO
2010-02-27 06:00,2010,2,27,06:00,,,,,,,,,,,,,,,,,,,,HIGH FALLS,ONTARIO
2010-02-27 07:00,2010,2,27,07:00,,,,,,,,,,,,,,,,,,,,HIGH FALLS,ONTARIO
2010-02-27 08:00,2010,2,27,08:00,,,,,,,,,,,,,,,,,,,,HIGH FALLS,ONTARIO
2010-02-27 09:00,2010,2,27,09:00,,,,,,,,,,,,,,,,,,,,HIGH FALLS,ONTARIO
2010-02-27 10:00,2010,2,27,10:00,,,,,,,,,,,,,,,,,,,,HIGH FALLS,ONTARIO
2010-02-27 11:00,2010,2,27,11:00,,,,,,,,,,,,,,,,,,,,HIGH FALLS,ONTARIO
2010-02-27 12:00,2010,2,27,12:00,,,,,,,,,,,,,,,,,,,,HIGH FALLS,ONTARIO
2010-02-27 13:00,2010,2,27,13:00,,,,,,,,,,,,,,,,,,,,HIGH FALLS,ONTARIO
2010-02-27 14:00,2010,2,27,14:00,,,,,,,,,,,,,,,,,,,,HIGH FALLS,ONTARIO
2010-02-27 15:00,2010,2,27,15:00,,,,,,,,,,,,,,,,,,,,HIGH FALLS,ONTARIO
2010-02-27 16:00,2010,2,27,16:00,,,,,,,,,,,,,,,,,,,,HIGH FALLS,ONTARIO
2010-02-27 17:00,2010,2,27,17:00,,,,,,,,,,,,,,,,,,,,HIGH FALLS,ONTARIO
2010-02-27 18:00,2010,2,27,18:00,,,,,,,,,,,,,,,,,,,,HIGH FALLS,ONTARIO
2010-02-27 19:00,2010,2,27,19:00,,,,,,,,,,,,,,,,,,,,HIGH FALLS,ONTARIO
2010-02-27 20:00,2010,2,27,20:00,,,,,,,,,,,,,,,,,,,,HIGH FALLS,ONTARIO
2010-02-27 21:00,2010,2,27,21:00,,,,,,,,,,,,,,,,,,,,HIGH FALLS,ONTARIO
2010-02-27 22:00,2010,2,27,22:00,,,,,,,,,,,,,,,,,,,,HIGH FALLS,ONTARIO
2010-02-27 23:00,2010,2,27,23:00,,,,,,,,,,,,,,,,,,,,HIGH FALLS,ONTARIO
2010-02-28 00:00,2010,2,28,00:00,,,,,,,,,,,,,,,,,,,,HIGH FALLS,ONTARIO
2010-02-28 01:00,2010,2,28,01:00,,,,,,,,,,,,,,,,,,,,HIGH FALLS,ONTARIO
2010-02-28 02:00,2010,2,28,02:00,,,,,,,,,,,,,,,,,,,,HIGH FALLS,ONTARIO
2010-02-28 03:00,2010,2,28,03:00,,,,,,,,,,,,,,,,,,,,HIGH FALLS,ONTARIO
2010-02-28 04:00,2010,2,28,04:00,,,,,,,,,,,,,,,,,,,,HIGH FALLS,ONTARIO
2010-02-28 05:00,2010,2,28,05:00,,,,,,,,,,,,,,,,,,,,HIGH FALLS,ONTARIO
2010-02-28 06:00,2010,2,28,06:00,,,,,,,,,,,,,,,,,,,,HIGH FALLS,ONTARIO
2010-02-28 07:00,2010,2,28,07:00,,,,,,,,,,,,,,,,,,,,HIGH FALLS,ONTARIO
2010-02-28 08:00,2010,2,28,08:00,,,,,,,,,,,,,,,,,,,,HIGH FALLS,ONTARIO
2010-02-28 09:00,2010,2,28,09:00,,,,,,,,,,,,,,,,,,,,HIGH FALLS,ONTARIO
2010-02-28 10:00,2010,2,28,10:00,,,,,,,,,,,,,,,,,,,,HIGH FALLS,ONTARIO
2010-02-28 11:00,2010,2,28,11:00,,,,,,,,,,,,,,,,,,,,HIGH FALLS,ONTARIO
2010-02-28 12:00,2010,2,28,12:00,,,,,,,,,,,,,,,,,,,,HIGH FALLS,ONTARIO
2010-02-28 13:00,2010,2,28,13:00,,,,,,,,,,,,,,,,,,,,HIGH FALLS,ONTARIO
2010-02-28 14:00,2010,2,28,14:00,,,,,,,,,,,,,,,,,,,,HIGH FALLS,ONTARIO
2010-02-28 15:00,2010,2,28,15:00,,,,,,,,,,,,,,,,,,,,HIGH FALLS,ONTARIO
2010-02-28 16:00,2010,2,28,16:00,,,,,,,,,,,,,,,,,,,,HIGH FALLS,ONTARIO
2010-02-28 17:00,2010,2,28,17:00,,,,,,,,,,,,,,,,,,,,HIGH FALLS,ONTARIO
2010-02-28 18:00,2010,2,28,18:00,,,,,,,,,,,,,,,,,,,,HIGH FALLS,ONTARIO
2010-02-28 19:00,2010,2,28,19:00,,,,,,,,,,,,,,,,,,,,HIGH FALLS,ONTARIO
2010-02-28 20:00,2010,2,28,20:00,,,,,,,,,,,,,,,,,,,,HIGH FALLS,ONTARIO
2010-02-28 21:00,2010,2,28,21:00,,,,,,,,,,,,,,,,,,,,HIGH FALLS,ONTARIO
2010-02-28 22:00,2010,2,28,22:00,,,,,,,,,,,,,,,,,,,,HIGH FALLS,ONTARIO
2010-02-28 23:00,2010,2,28,23:00,,,,,,,,,,,,,,,,,,,,HIGH FALLS,ONTARIO
2011-02-01 00:00,2011,2,1,00:00,,,,,,,,,,,,,,,,,,,,HIGH FALLS,ONTARIO
2011-02-01 01:00,2011,2,1,01:00,,,,,,,,,,,,,,,,,,,,HIGH FALLS,ONTARIO
2011-02-01 02:00,2011,2,1,02:00,,,,,,,,,,,,,,,,,,,,HIGH FALLS,ONTARIO
2011-02-01 03:00,2011,2,1,03:00,,,,,,,,,,,,,,,,,,,,HIGH FALLS,ONTARIO
2011-02-01 04:00,2011,2,1,04:00,,,,,,,,,,,,,,,,,,,,HIGH FALLS,ONTARIO
2011-02-01 05:00,2011,2,1,05:00,,,,,,,,,,,,,,,,,,,,HIGH FALLS,ONTARIO
2011-02-01 06:00,2011,2,1,06:00,,,,,,,,,,,,,,,,,,,,HIGH FALLS,ONTARIO
2011-02-01 07:00,2011,2,1,07:00,,,,,,,,,,,,,,,,,,,,HIGH FALLS,ONTARIO
2011-02-01 08:00,2011,2,1,08:00,,,,,,,,,,,,,,,,,,,,HIGH FALLS,ONTARIO
2011-02-01 09:00,2011,2,1,09:00,,,,,,,,,,,,,,,,,,,,HIGH FALLS,ONTARIO
2011-02-01 10:00,2011,2,1,10:00,,,,,,,,,,,,,,,,,,,,HIGH FALLS,ONTARIO
2011-02-01 11:00,2011,2,1,11:00,,,,,,,,,,,,,,,,,,,,HIGH FALLS,ONTARIO
2011-02-01 12:00,2011,2,1,12:00,,,,,,,,,,,,,,,,,,,,HIGH FALLS,ONTARIO
2011-02-01 13:00,2011,2,1,13:00,,,,,,,,,,,,,,,,,,,,HIGH FALLS,ONTARIO
2011-02-01 14:00,2011,2,1,14:00,,,,,,,,,,,,,,,,,,,,HIGH FALLS,ONTARIO
2011-02-01 15:00,2011,2,1,15:00,,,,,,,,,,,,,,,,,,,,HIGH FALLS,ONTARIO
2011-02-01 16:00,2011,2,1,16:00,,,,,,,,,,,,,,,,,,,,HIGH FALLS,ONTARIO
2011-02-01 17:00,2011,2,1,17:00,,,,,,,,,,,,,,,,,,,,HIGH FALLS,ONTARIO
2011-02-01 18:00,2011,2,1,18:00,,,,,,,,,,,,,,,,,,,,HIGH FALLS,ONTARIO
2011-02-01 19:00,2011,2,1,19:00,,,,,,,,,,,,,,,,,,,,HIGH FALLS,ONTARIO
2011-02-01 20:00,2011,2,1,20:00,,,,,,,,,,,,,,,,,,,,HIGH FALLS,ONTARIO
2011-02-01 21:00,2011,2,1,21:00,,,,,,,,,,,,,,,,,,,,HIGH FALLS,ONTARIO
2011-02-01 22:00,2011,2,1,22:00,,,,,,,,,,,,,,,,,,,,HIGH FALLS,ONTARIO
2011-02-01 23:00,2011,2,1,23:00,,,,,,,,,,,,,,,,,,,,HIGH FALLS,ONTARIO
2011-02-02 00:00,2011,2,2,00:00,,,,,,,,,,,,,,,,,,,,HIGH FALLS,ONTARIO
2011-02-02 01:00,2011,2,2,01:00,,,,,,,,,,,,,,,,,,,,HIGH FALLS,ONTARIO
2011-02-02 02:00,2011,2,2,02:00,,,,,,,,,,,,,,,,,,,,HIGH FALLS,ONTARIO
2011-02-02 03:00,2011,2,2,03:00,,,,,,,,,,,,,,,,,,,,HIGH FALLS,ONTARIO
2011-02-02 04:00,2011,2,2,04:00,,,,,,,,,,,,,,,,,,,,HIGH FALLS,ONTARIO
2011-02-02 05:00,2011,2,2,05:00,,,,,,,,,,,,,,,,,,,,HIGH FALLS,ONTARIO
2011-02-02 06:00,2011,2,2,06:00,,,,,,,,,,,,,,,,,,,,HIGH FALLS,ONTARIO
2011-02-02 07:00,2011,2,2,07:00,,,,,,,,,,,,,,,,,,,,HIGH FALLS,ONTARIO
2011-02-02 08:00,2011,2,2,08:00,,,,,,,,,,,,,,,,,,,,HIGH FALLS,ONTARIO
2011-02-02 09:00,2011,2,2,09:00,,,,,,,,,,,,,,,,,,,,HIGH FALLS,ONTARIO
2011-02-02 10:00,2011,2,2,10:00,,,,,,,,,,,,,,,,,,,,HIGH FALLS,ONTARIO
2011-02-02 11:00,2011,2,2,11:00,,,,,,,,,,,,,,,,,,,,HIGH FALLS,ONTARIO
2011-02-02 12:00,2011,2,2,12:00,,,,,,,,,,,,,,,,,,,,HIGH FALLS,ONTARIO
2011-02-02 13:00,2011,2,2,13:00,,,,,,,,,,,,,,,,,,,,HIGH FALLS,ONTARIO
2011-02-02 14:00,2011,2,2,14:00,,,,,,,,,,,,,,,,,,,,HIGH FALLS,ONTARIO
2011-02-02 15:00,2011,2,2,15:00,,,,,,,,,,,,,,,,,,,,HIGH FALLS,ONTARIO
2011-02-02 16:00,2011,2,2,16:00,,,,,,,,,,,,,,,,,,,,HIGH FALLS,ONTARIO
2011-02-02 17:00,2011,2,2,17:00,,,,,,,,,,,,,,,,,,,,HIGH FALLS,ONTARIO
2011-02-02 18:00,2011,2,2,18:00,,,,,,,,,,,,,,,,,,,,HIGH FALLS,ONTARIO
2011-02-02 19:00,2011,2,2,19:00,,,,,,,,,,,,,,,,,,,,HIGH FALLS,ONTARIO
2011-02-02 20:00,2011,2,2,20:00,,,,,,,,,,,,,,,,,,,,HIGH FALLS,ONTARIO
2011-02-02 21:00,2011,2,2,21:00,,,,,,,,,,,,,,,,,,,,HIGH FALLS,ONTARIO
2011-02-02 22:00,2011,2,2,22:00,,,,,,,,,,,,,,,,,,,,HIGH FALLS,ONTARIO
2011-02-02 23:00,2011,2,2,23:00,,,,,,,,,,,,,,,,,,,,HIGH FALLS,ONTARIO
2011-02-03 00:00,2011,2,3,00:00,,,,,,,,,,,,,,,,,,,,HIGH FALLS,ONTARIO
2011-02-03 01:00,2011,2,3,01:00,,,,,,,,,,,,,,,,,,,,HIGH FALLS,ONTARIO
2011-02-03 02:00,2011,2,3,02:00,,,,,,,,,,,,,,,,,,,,HIGH FALLS,ONTARIO
2011-02-03 03:00,2011,2,3,03:00,,,,,,,,,,,,,,,,,,,,HIGH FALLS,ONTARIO
2011-02-03 04:00,2011,2,3,04:00,,,,,,,,,,,,,,,,,,,,HIGH FALLS,ONTARIO
2011-02-03 05:00,2011,2,3,05:00,,,,,,,,,,,,,,,,,,,,HIGH FALLS,ONTARIO
2011-02-03 06:00,2011,2,3,06:00,,,,,,,,,,,,,,,,,,,,HIGH FALLS,ONTARIO
2011-02-03 07:00,2011,2,3,07:00,,,,,,,,,,,,,,,,,,,,HIGH FALLS,ONTARIO
2011-02-03 08:00,2011,2,3,08:00,,,,,,,,,,,,,,,,,,,,HIGH FALLS,ONTARIO
2011-02-03 09:00,2011,2,3,09:00,,,,,,,,,,,,,,,,,,,,HIGH FALLS,ONTARIO
2011-02-03 10:00,2011,2,3,10:00,,,,,,,,,,,,,,,,,,,,HIGH FALLS,ONTARIO
2011-02-03 11:00,2011,2,3,11:00,,,,,,,,,,,,,,,,,,,,HIGH FALLS,ONTARIO
2011-02-03 12:00,2011,2,3,12:00,,,,,,,,,,,,,,,,,,,,HIGH FALLS,ONTARIO
2011-02-03 13:00,2011,2,3,13:00,,,,,,,,,,,,,,,,,,,,HIGH FALLS,ONTARIO
2011-02-03 14:00,2011,2,3,14:00,,,,,,,,,,,,,,,,,,,,HIGH FALLS,ONTARIO
2011-02-03 15:00,2011,2,3,15:00,,,,,,,,,,,,,,,,,,,,HIGH FALLS,ONTARIO
2011-02-03 16:00,2011,2,3,16:00,,,,,,,,,,,,,,,,,,,,HIGH FALLS,ONTARIO
2011-02-03 17:00,2011,2,3,17:00,,,,,,,,,,,,,,,,,,,,HIGH FALLS,ONTARIO
2011-02-03 18:00,2011,2,3,18:00,,,,,,,,,,,,,,,,,,,,HIGH FALLS,ONTARIO
2011-02-03 19:00,2011,2,3,19:00,,,,,,,,,,,,,,,,,,,,HIGH FALLS,ONTARIO
2011-02-03 20:00,2011,2,3,20:00,,,,,,,,,,,,,,,,,,,,HIGH FALLS,ONTARIO
2011-02-03 21:00,2011,2,3,21:00,,,,,,,,,,,,,,,,,,,,HIGH FALLS,ONTARIO
2011-02-03 22:00,2011,2,3,22:00,,,,,,,,,,,,,,,,,,,,HIGH FALLS,ONTARIO
2011-02-03 23:00,2011,2,3,23:00,,,,,,,,,,,,,,,,,,,,HIGH FALLS,ONTARIO
2011-02-04 00:00,2011,2,4,00:00,,,,,,,,,,,,,,,,,,,,HIGH FALLS,ONTARIO
2011-02-04 01:00,2011,2,4,01:00,,,,,,,,,,,,,,,,,,,,HIGH FALLS,ONTARIO
2011-02-04 02:00,2011,2,4,02:00,,,,,,,,,,,,,,,,,,,,HIGH FALLS,ONTARIO
2011-02-04 03:00,2011,2,4,03:00,,,,,,,,,,,,,,,,,,,,HIGH FALLS,ONTARIO
2011-02-04 04:00,2011,2,4,04:00,,,,,,,,,,,,,,,,,,,,HIGH FALLS,ONTARIO
2011-02-04 05:00,2011,2,4,05:00,,,,,,,,,,,,,,,,,,,,HIGH FALLS,ONTARIO
2011-02-04 06:00,2011,2,4,06:00,,,,,,,,,,,,,,,,,,,,HIGH FALLS,ONTARIO
2011-02-04 07:00,2011,2,4,07:00,,,,,,,,,,,,,,,,,,,,HIGH FALLS,ONTARIO
2011-02-04 08:00,2011,2,4,08:00,,,,,,,,,,,,,,,,,,,,HIGH FALLS,ONTARIO
2011-02-04 09:00,2011,2,4,09:00,,,,,,,,,,,,,,,,,,,,HIGH FALLS,ONTARIO
2011-02-04 10:00,2011,2,4,10:00,,,,,,,,,,,,,,,,,,,,HIGH FALLS,ONTARIO
2011-02-04 11:00,2011,2,4,11:00,,,,,,,,,,,,,,,,,,,,HIGH FALLS,ONTARIO
2011-02-04 12:00,2011,2,4,12:00,,,,,,,,,,,,,,,,,,,,HIGH FALLS,ONTARIO
2011-02-04 13:00,2011,2,4,13:00,,,,,,,,,,,,,,,,,,,,HIGH FALLS,ONTARIO
2011-02-04 14:00,2011,2,4,14:00,,,,,,,,,,,,,,,,,,,,HIGH FALLS,ONTARIO
2011-02-04 15:00,2011,2,4,15:00,,,,,,,,,,,,,,,,,,,,HIGH FALLS,ONTARIO
2011-02-04 16:00,2011,2,4,16:00,,,,,,,,,,,,,,,,,,,,HIGH FALLS,ONTARIO
2011-02-04 17:00,2011,2,4,17:00,,,,,,,,,,,,,,,,,,,,HIGH FALLS,ONTARIO
2011-02-04 18:00,2011,2,4,18:00,,,,,,,,,,,,,,,,,,,,HIGH FALLS,ONTARIO
2011-02-04 19:00,2011,2,4,19:00,,,,,,,,,,,,,,,,,,,,HIGH FALLS,ONTARIO
2011-02-04 20:00,2011,2,4,20:00,,,,,,,,,,,,,,,,,,,,HIGH FALLS,ONTARIO
2011-02-04 21:00,2011,2,4,21:00,,,,,,,,,,,,,,,,,,,,HIGH FALLS,ONTARIO
2011-02-04 22:00,2011,2,4,22:00,,,,,,,,,,,,,,,,,,,,HIGH FALLS,ONTARIO
2011-02-04 23:00,2011,2,4,23:00,,,,,,,,,,,,,,,,,,,,HIGH FALLS,ONTARIO
2011-02-05 00:00,2011,2,5,00:00,,,,,,,,,,,,,,,,,,,,HIGH FALLS,ONTARIO
2011-02-05 01:00,2011,2,5,01:00,,,,,,,,,,,,,,,,,,,,HIGH FALLS,ONTARIO
2011-02-05 02:00,2011,2,5,02:00,,,,,,,,,,,,,,,,,,,,HIGH FALLS,ONTARIO
2011-02-05 03:00,2011,2,5,03:00,,,,,,,,,,,,,,,,,,,,HIGH FALLS,ONTARIO
2011-02-05 04:00,2011,2,5,04:00,,,,,,,,,,,,,,,,,,,,HIGH FALLS,ONTARIO
2011-02-05 05:00,2011,2,5,05:00,,,,,,,,,,,,,,,,,,,,HIGH FALLS,ONTARIO
2011-02-05 06:00,2011,2,5,06:00,,,,,,,,,,,,,,,,,,,,HIGH FALLS,ONTARIO
2011-02-05 07:00,2011,2,5,07:00,,,,,,,,,,,,,,,,,,,,HIGH FALLS,ONTARIO
2011-02-05 08:00,2011,2,5,08:00,,,,,,,,,,,,,,,,,,,,HIGH FALLS,ONTARIO
2011-02-05 09:00,2011,2,5,09:00,,,,,,,,,,,,,,,,,,,,HIGH FALLS,ONTARIO
2011-02-05 10:00,2011,2,5,10:00,,,,,,,,,,,,,,,,,,,,HIGH FALLS,ONTARIO
2011-02-05 11:00,2011,2,5,11:00,,,,,,,,,,,,,,,,,,,,HIGH FALLS,ONTARIO
2011-02-05 12:00,2011,2,5,12:00,,,,,,,,,,,,,,,,,,,,HIGH FALLS,ONTARIO
2011-02-05 13:00,2011,2,5,13:00,,,,,,,,,,,,,,,,,,,,HIGH FALLS,ONTARIO
2011-02-05 14:00,2011,2,5,14:00,,,,,,,,,,,,,,,,,,,,HIGH FALLS,ONTARIO
2011-02-05 15:00,2011,2,5,15:00,,,,,,,,,,,,,,,,,,,,HIGH FALLS,ONTARIO
2011-02-05 16:00,2011,2,5,16:00,,,,,,,,,,,,,,,,,,,,HIGH FALLS,ONTARIO
2011-02-05 17:00,2011,2,5,17:00,,,,,,,,,,,,,,,,,,,,HIGH FALLS,ONTARIO
2011-02-05 18:00,2011,2,5,18:00,,,,,,,,,,,,,,,,,,,,HIGH FALLS,ONTARIO
2011-02-05 19:00,2011,2,5,19:00,,,,,,,,,,,,,,,,,,,,HIGH FALLS,ONTARIO
2011-02-05 20:00,2011,2,5,20:00,,,,,,,,,,,,,,,,,,,,HIGH FALLS,ONTARIO
2011-02-05 21:00,2011,2,5,21:00,,,,,,,,,,,,,,,,,,,,HIGH FALLS,ONTARIO
2011-02-05 22:00,2011,2,5,22:00,,,,,,,,,,,,,,,,,,,,HIGH FALLS,ONTARIO
2011-02-05 23:00,2011,2,5,23:00,,,,,,,,,,,,,,,,,,,,HIGH FALLS,ONTARIO
2011-02-06 00:00,2011,2,6,00:00,,,,,,,,,,,,,,,,,,,,HIGH FALLS,ONTARIO
2011-02-06 01:00,2011,2,6,01:00,,,,,,,,,,,,,,,,,,,,HIGH FALLS,ONTARIO
2011-02-06 02:00,2011,2,6,02:00,,,,,,,,,,,,,,,,,,,,HIGH FALLS,ONTARIO
2011-02-06 03:00,2011,2,6,03:00,,,,,,,,,,,,,,,,,,,,HIGH FALLS,ONTARIO
2011-02-06 04:00,2011,2,6,04:00,,,,,,,,,,,,,,,,,,,,HIGH FALLS,ONTARIO
2011-02-06 05:00,2011,2,6,05:00,,,,,,,,,,,,,,,,,,,,HIGH FALLS,ONTARIO
2011-02-06 06:00,2011,2,6,06:00,,,,,,,,,,,,,,,,,,,,HIGH FALLS,ONTARIO
2011-02-06 07:00,2011,2,6,07:00,,,,,,,,,,,,,,,,,,,,HIGH FALLS,ONTARIO
2011-02-06 08:00,2011,2,6,08:00,,,,,,,,,,,,,,,,,,,,HIGH FALLS,ONTARIO
2011-02-06 09:00,2011,2,6,09:00,,,,,,,,,,,,,,,,,,,,HIGH FALLS,ONTARIO
2011-02-06 10:00,2011,2,6,10:00,,,,,,,,,,,,,,,,,,,,HIGH FALLS,ONTARIO
2011-02-06 11:00,2011,2,6,11:00,,,,,,,,,,,,,,,,,,,,HIGH FALLS,ONTARIO
2011-02-06 12:00,2011,2,6,12:00,,,,,,,,,,,,,,,,,,,,HIGH FALLS,ONTARIO
2011-02-06 13:00,2011,2,6,13:00,,,,,,,,,,,,,,,,,,,,HIGH FALLS,ONTARIO
2011-02-06 14:00,2011,2,6,14:00,,,,,,,,,,,,,,,,,,,,HIGH FALLS,ONTARIO
2011-02-06 15:00,2011,2,6,15:00,,,,,,,,,,,,,,,,,,,,HIGH FALLS,ONTARIO
2011-02-06 16:00,2011,2,6,16:00,,,,,,,,,,,,,,,,,,,,HIGH FALLS,ONTARIO
2011-02-06 17:00,2011,2,6,17:00,,,,,,,,,,,,,,,,,,,,HIGH FALLS,ONTARIO
2011-02-06 18:00,2011,2,6,18:00,,,,,,,,,,,,,,,,,,,,HIGH FALLS,ONTARIO
2011-02-06 19:00,2011,2,6,19:00,,,,,,,,,,,,,,,,,,,,HIGH FALLS,ONTARIO
2011-02-06 20:00,2011,2,6,20:00,,,,,,,,,,,,,,,,,,,,HIGH FALLS,ONTARIO
2011-02-06 21:00,2011,2,6,21:00,,,,,,,,,,,,,,,,,,,,HIGH FALLS,ONTARIO
2011-02-06 22:00,2011,2,6,22:00,,,,,,,,,,,,,,,,,,,,HIGH FALLS,ONTARIO
2011-02-06 23:00,2011,2,6,23:00,,,,,,,,,,,,,,,,,,,,HIGH FALLS,ONTARIO
2011-02-07 00:00,2011,2,7,00:00,,,,,,,,,,,,,,,,,,,,HIGH FALLS,ONTARIO
2011-02-07 01:00,2011,2,7,01:00,,,,,,,,,,,,,,,,,,,,HIGH FALLS,ONTARIO
2011-02-07 02:00,2011,2,7,02:00,,,,,,,,,,,,,,,,,,,,HIGH FALLS,ONTARIO
2011-02-07 03:00,2011,2,7,03:00,,,,,,,,,,,,,,,,,,,,HIGH FALLS,ONTARIO
2011-02-07 04:00,2011,2,7,04:00,,,,,,,,,,,,,,,,,,,,HIGH FALLS,ONTARIO
2011-02-07 05:00,2011,2,7,05:00,,,,,,,,,,,,,,,,,,,,HIGH FALLS,ONTARIO
2011-02-07 06:00,2011,2,7,06:00,,,,,,,,,,,,,,,,,,,,HIGH FALLS,ONTARIO
2011-02-07 07:00,2011,2,7,07:00,,,,,,,,,,,,,,,,,,,,HIGH FALLS,ONTARIO
2011-02-07 08:00,2011,2,7,08:00,,,,,,,,,,,,,,,,,,,,HIGH FALLS,ONTARIO
2011-02-07 09:00,2011,2,7,09:00,,,,,,,,,,,,,,,,,,,,HIGH FALLS,ONTARIO
2011-02-07 10:00,2011,2,7,10:00,,,,,,,,,,,,,,,,,,,,HIGH FALLS,ONTARIO
2011-02-07 11:00,2011,2,7,11:00,,,,,,,,,,,,,,,,,,,,HIGH FALLS,ONTARIO
2011-02-07 12:00,2011,2,7,12:00,,,,,,,,,,,,,,,,,,,,HIGH FALLS,ONTARIO
2011-02-07 13:00,2011,2,7,13:00,,,,,,,,,,,,,,,,,,,,HIGH FALLS,ONTARIO
2011-02-07 14:00,2011,2,7,14:00,,,,,,,,,,,,,,,,,,,,HIGH FALLS,ONTARIO
2011-02-07 15:00,2011,2,7,15:00,,,,,,,,,,,,,,,,,,,,HIGH FALLS,ONTARIO
2011-02-07 16:00,2011,2,7,16:00,,,,,,,,,,,,,,,,,,,,HIGH FALLS,ONTARIO
2011-02-07 17:00,2011,2,7,17:00,,,,,,,,,,,,,,,,,,,,HIGH FALLS,ONTARIO
2011-02-07 18:00,2011,2,7,18:00,,,,,,,,,,,,,,,,,,,,HIGH FALLS,ONTARIO
2011-02-07 19:00,2011,2,7,19:00,,,,,,,,,,,,,,,,,,,,HIGH FALLS,ONTARIO
2011-02-07 20:00,2011,2,7,20:00,,,,,,,,,,,,,,,,,,,,HIGH FALLS,ONTARIO
2011-02-07 21:00,2011,2,7,21:00,,,,,,,,,,,,,,,,,,,,HIGH FALLS,ONTARIO
2011-02-07 22:00,2011,2,7,22:00,,,,,,,,,,,,,,,,,,,,HIGH FALLS,ONTARIO
2011-02-07 23:00,2011,2,7,23:00,,,,,,,,,,,,,,,,,,,,HIGH FALLS,ONTARIO
2011-02-08 00:00,2011,2,8,00:00,,,,,,,,,,,,,,,,,,,,HIGH FALLS,ONTARIO
2011-02-08 01:00,2011,2,8,01:00,,,,,,,,,,,,,,,,,,,,HIGH FALLS,ONTARIO
2011-02-08 02:00,2011,2,8,02:00,,,,,,,,,,,,,,,,,,,,HIGH FALLS,ONTARIO
2011-02-08 03:00,2011,2,8,03:00,,,,,,,,,,,,,,,,,,,,HIGH FALLS,ONTARIO
2011-02-08 04:00,2011,2,8,04:00,,,,,,,,,,,,,,,,,,,,HIGH FALLS,ONTARIO
2011-02-08 05:00,2011,2,8,05:00,,,,,,,,,,,,,,,,,,,,HIGH FALLS,ONTARIO
2011-02-08 06:00,2011,2,8,06:00,,,,,,,,,,,,,,,,,,,,HIGH FALLS,ONTARIO
2011-02-08 07:00,2011,2,8,07:00,,,,,,,,,,,,,,,,,,,,HIGH FALLS,ONTARIO
2011-02-08 08:00,2011,2,8,08:00,,,,,,,,,,,,,,,,,,,,HIGH FALLS,ONTARIO
2011-02-08 09:00,2011,2,8,09:00,,,,,,,,,,,,,,,,,,,,HIGH FALLS,ONTARIO
2011-02-08 10:00,2011,2,8,10:00,,,,,,,,,,,,,,,,,,,,HIGH FALLS,ONTARIO
2011-02-08 11:00,2011,2,8,11:00,,,,,,,,,,,,,,,,,,,,HIGH FALLS,ONTARIO
2011-02-08 12:00,2011,2,8,12:00,,,,,,,,,,,,,,,,,,,,HIGH FALLS,ONTARIO
2011-02-08 13:00,2011,2,8,13:00,,,,,,,,,,,,,,,,,,,,HIGH FALLS,ONTARIO
2011-02-08 14:00,2011,2,8,14:00,,,,,,,,,,,,,,,,,,,,HIGH FALLS,ONTARIO
2011-02-08 15:00,2011,2,8,15:00,,,,,,,,,,,,,,,,,,,,HIGH FALLS,ONTARIO
2011-02-08 16:00,2011,2,8,16:00,,,,,,,,,,,,,,,,,,,,HIGH FALLS,ONTARIO
2011-02-08 17:00,2011,2,8,17:00,,,,,,,,,,,,,,,,,,,,HIGH FALLS,ONTARIO
2011-02-08 18:00,2011,2,8,18:00,,,,,,,,,,,,,,,,,,,,HIGH FALLS,ONTARIO
2011-02-08 19:00,2011,2,8,19:00,,,,,,,,,,,,,,,,,,,,HIGH FALLS,ONTARIO
2011-02-08 20:00,2011,2,8,20:00,,,,,,,,,,,,,,,,,,,,HIGH FALLS,ONTARIO
2011-02-08 21:00,2011,2,8,21:00,,,,,,,,,,,,,,,,,,,,HIGH FALLS,ONTARIO
2011-02-08 22:00,2011,2,8,22:00,,,,,,,,,,,,,,,,,,,,HIGH FALLS,ONTARIO
2011-02-08 23:00,2011,2,8,23:00,,,,,,,,,,,,,,,,,,,,HIGH FALLS,ONTARIO
2011-02-09 00:00,2011,2,9,00:00,,,,,,,,,,,,,,,,,,,,HIGH FALLS,ONTARIO
2011-02-09 01:00,2011,2,9,01:00,,,,,,,,,,,,,,,,,,,,HIGH FALLS,ONTARIO
2011-02-09 02:00,2011,2,9,02:00,,,,,,,,,,,,,,,,,,,,HIGH FALLS,ONTARIO
2011-02-09 03:00,2011,2,9,03:00,,,,,,,,,,,,,,,,,,,,HIGH FALLS,ONTARIO
2011-02-09 04:00,2011,2,9,04:00,,,,,,,,,,,,,,,,,,,,HIGH FALLS,ONTARIO
2011-02-09 05:00,2011,2,9,05:00,,,,,,,,,,,,,,,,,,,,HIGH FALLS,ONTARIO
2011-02-09 06:00,2011,2,9,06:00,,,,,,,,,,,,,,,,,,,,HIGH FALLS,ONTARIO
2011-02-09 07:00,2011,2,9,07:00,,,,,,,,,,,,,,,,,,,,HIGH FALLS,ONTARIO
2011-02-09 08:00,2011,2,9,08:00,,,,,,,,,,,,,,,,,,,,HIGH FALLS,ONTARIO
2011-02-09 09:00,2011,2,9,09:00,,,,,,,,,,,,,,,,,,,,HIGH FALLS,ONTARIO
2011-02-09 10:00,2011,2,9,10:00,,,,,,,,,,,,,,,,,,,,HIGH FALLS,ONTARIO
2011-02-09 11:00,2011,2,9,11:00,,,,,,,,,,,,,,,,,,,,HIGH FALLS,ONTARIO
2011-02-09 12:00,2011,2,9,12:00,,,,,,,,,,,,,,,,,,,,HIGH FALLS,ONTARIO
2011-02-09 13:00,2011,2,9,13:00,,,,,,,,,,,,,,,,,,,,HIGH FALLS,ONTARIO
2011-02-09 14:00,2011,2,9,14:00,,,,,,,,,,,,,,,,,,,,HIGH FALLS,ONTARIO
2011-02-09 15:00,2011,2,9,15:00,,,,,,,,,,,,,,,,,,,,HIGH FALLS,ONTARIO
2011-02-09 16:00,2011,2,9,16:00,,,,,,,,,,,,,,,,,,,,HIGH FALLS,ONTARIO
2011-02-09 17:00,2011,2,9,17:00,,,,,,,,,,,,,,,,,,,,HIGH FALLS,ONTARIO
2011-02-09 18:00,2011,2,9,18:00,,,,,,,,,,,,,,,,,,,,HIGH FALLS,ONTARIO
2011-02-09 19:00,2011,2,9,19:00,,,,,,,,,,,,,,,,,,,,HIGH FALLS,ONTARIO
2011-02-09 20:00,2011,2,9,20:00,,,,,,,,,,,,,,,,,,,,HIGH FALLS,ONTARIO
2011-02-09 21:00,2011,2,9,21:00,,,,,,,,,,,,,,,,,,,,HIGH FALLS,ONTARIO
2011-02-09 22:00,2011,2,9,22:00,,,,,,,,,,,,,,,,,,,,HIGH FALLS,ONTARIO
2011-02-09 23:00,2011,2,9,23:00,,,,,,,,,,,,,,,,,,,,HIGH FALLS,ONTARIO
2011-02-10 00:00,2011,2,10,00:00,,,,,,,,,,,,,,,,,,,,HIGH FALLS,ONTARIO
2011-02-10 01:00,2011,2,10,01:00,,,,,,,,,,,,,,,,,,,,HIGH FALLS,ONTARIO
2011-02-10 02:00,2011,2,10,02:00,,,,,,,,,,,,,,,,,,,,HIGH FALLS,ONTARIO
2011-02-10 03:00,2011,2,10,03:00,,,,,,,,,,,,,,,,,,,,HIGH FALLS,ONTARIO
2011-02-10 04:00,2011,2,10,04:00,,,,,,,,,,,,,,,,,,,,HIGH FALLS,ONTARIO
2011-02-10 05:00,2011,2,10,05:00,,,,,,,,,,,,,,,,,,,,HIGH FALLS,ONTARIO
2011-02-10 06:00,2011,2,10,06:00,,,,,,,,,,,,,,,,,,,,HIGH FALLS,ONTARIO
2011-02-10 07:00,2011,2,10,07:00,,,,,,,,,,,,,,,,,,,,HIGH FALLS,ONTARIO
2011-02-10 08:00,2011,2,10,08:00,,,,,,,,,,,,,,,,,,,,HIGH FALLS,ONTARIO
2011-02-10 09:00,2011,2,10,09:00,,,,,,,,,,,,,,,,,,,,HIGH FALLS,ONTARIO
2011-02-10 10:00,2011,2,10,10:00,,,,,,,,,,,,,,,,,,,,HIGH FALLS,ONTARIO
2011-02-10 11:00,2011,2,10,11:00,,,,,,,,,,,,,,,,,,,,HIGH FALLS,ONTARIO
2011-02-10 12:00,2011,2,10,12:00,,,,,,,,,,,,,,,,,,,,HIGH FALLS,ONTARIO
2011-02-10 13:00,2011,2,10,13:00,,,,,,,,,,,,,,,,,,,,HIGH FALLS,ONTARIO
2011-02-10 14:00,2011,2,10,14:00,,,,,,,,,,,,,,,,,,,,HIGH FALLS,ONTARIO
2011-02-10 15:00,2011,2,10,15:00,,,,,,,,,,,,,,,,,,,,HIGH FALLS,ONTARIO
2011-02-10 16:00,2011,2,10,16:00,,,,,,,,,,,,,,,,,,,,HIGH FALLS,ONTARIO
2011-02-10 17:00,2011,2,10,17:00,,,,,,,,,,,,,,,,,,,,HIGH FALLS,ONTARIO
2011-02-10 18:00,2011,2,10,18:00,,,,,,,,,,,,,,,,,,,,HIGH FALLS,ONTARIO
2011-02-10 19:00,2011,2,10,19:00,,,,,,,,,,,,,,,,,,,,HIGH FALLS,ONTARIO
2011-02-10 20:00,2011,2,10,20:00,,,,,,,,,,,,,,,,,,,,HIGH FALLS,ONTARIO
2011-02-10 21:00,2011,2,10,21:00,,,,,,,,,,,,,,,,,,,,HIGH FALLS,ONTARIO
2011-02-10 22:00,2011,2,10,22:00,,,,,,,,,,,,,,,,,,,,HIGH FALLS,ONTARIO
2011-02-10 23:00,2011,2,10,23:00,,,,,,,,,,,,,,,,,,,,HIGH FALLS,ONTARIO
2011-02-11 00:00,2011,2,11,00:00,,,,,,,,,,,,,,,,,,,,HIGH FALLS,ONTARIO
2011-02-11 01:00,2011,2,11,01:00,,,,,,,,,,,,,,,,,,,,HIGH FALLS,ONTARIO
2011-02-11 02:00,2011,2,11,02:00,,,,,,,,,,,,,,,,,,,,HIGH FALLS,ONTARIO
2011-02-11 03:00,2011,2,11,03:00,,,,,,,,,,,,,,,,,,,,HIGH FALLS,ONTARIO
2011-02-11 04:00,2011,2,11,04:00,,,,,,,,,,,,,,,,,,,,HIGH FALLS,ONTARIO
2011-02-11 05:00,2011,2,11,05:00,,,,,,,,,,,,,,,,,,,,HIGH FALLS,ONTARIO
2011-02-11 06:00,2011,2,11,06:00,,,,,,,,,,,,,,,,,,,,HIGH FALLS,ONTARIO
2011-02-11 07:00,2011,2,11,07:00,,,,,,,,,,,,,,,,,,,,HIGH FALLS,ONTARIO
2011-02-11 08:00,2011,2,11,08:00,,,,,,,,,,,,,,,,,,,,HIGH FALLS,ONTARIO
2011-02-11 09:00,2011,2,11,09:00,,,,,,,,,,,,,,,,,,,,HIGH FALLS,ONTARIO
2011-02-11 10:00,2011,2,11,10:00,,,,,,,,,,,,,,,,,,,,HIGH FALLS,ONTARIO
2011-02-11 11:00,2011,2,11,11:00,,,,,,,,,,,,,,,,,,,,HIGH FALLS,ONTARIO
2011-02-11 12:00,2011,2,11,12:00,,,,,,,,,,,,,,,,,,,,HIGH FALLS,ONTARIO
2011-02-11 13:00,2011,2,11,13:00,,,,,,,,,,,,,,,,,,,,HIGH FALLS,ONTARIO
2011-02-11 14:00,2011,2,11,14:00,,,,,,,,,,,,,,,,,,,,HIGH FALLS,ONTARIO
2011-02-11 15:00,2011,2,11,15:00,,,,,,,,,,,,,,,,,,,,HIGH FALLS,ONTARIO
2011-02-11 16:00,2011,2,11,16:00,,,,,,,,,,,,,,,,,,,,HIGH FALLS,ONTARIO
2011-02-11 17:00,2011,2,11,17:00,,,,,,,,,,,,,,,,,,,,HIGH FALLS,ONTARIO
2011-02-11 18:00,2011,2,11,18:00,,,,,,,,,,,,,,,,,,,,HIGH FALLS,ONTARIO
2011-02-11 19:00,2011,2,11,19:00,,,,,,,,,,,,,,,,,,,,HIGH FALLS,ONTARIO
2011-02-11 20:00,2011,2,11,20:00,,,,,,,,,,,,,,,,,,,,HIGH FALLS,ONTARIO
2011-02-11 21:00,2011,2,11,21:00,,,,,,,,,,,,,,,,,,,,HIGH FALLS,ONTARIO
2011-02-11 22:00,2011,2,11,22:00,,,,,,,,,,,,,,,,,,,,HIGH FALLS,ONTARIO
2011-02-11 23:00,2011,2,11,23:00,,,,,,,,,,,,,,,,,,,,HIGH FALLS,ONTARIO
2011-02-12 00:00,2011,2,12,00:00,,,,,,,,,,,,,,,,,,,,HIGH FALLS,ONTARIO
2011-02-12 01:00,2011,2,12,01:00,,,,,,,,,,,,,,,,,,,,HIGH FALLS,ONTARIO
2011-02-12 02:00,2011,2,12,02:00,,,,,,,,,,,,,,,,,,,,HIGH FALLS,ONTARIO
2011-02-12 03:00,2011,2,12,03:00,,,,,,,,,,,,,,,,,,,,HIGH FALLS,ONTARIO
2011-02-12 04:00,2011,2,12,04:00,,,,,,,,,,,,,,,,,,,,HIGH FALLS,ONTARIO
2011-02-12 05:00,2011,2,12,05:00,,,,,,,,,,,,,,,,,,,,HIGH FALLS,ONTARIO
2011-02-12 06:00,2011,2,12,06:00,,,,,,,,,,,,,,,,,,,,HIGH FALLS,ONTARIO
2011-02-12 07:00,2011,2,12,07:00,,,,,,,,,,,,,,,,,,,,HIGH FALLS,ONTARIO
2011-02-12 08:00,2011,2,12,08:00,,,,,,,,,,,,,,,,,,,,HIGH FALLS,ONTARIO
2011-02-12 09:00,2011,2,12,09:00,,,,,,,,,,,,,,,,,,,,HIGH FALLS,ONTARIO
2011-02-12 10:00,2011,2,12,10:00,,,,,,,,,,,,,,,,,,,,HIGH FALLS,ONTARIO
2011-02-12 11:00,2011,2,12,11:00,,,,,,,,,,,,,,,,,,,,HIGH FALLS,ONTARIO
2011-02-12 12:00,2011,2,12,12:00,,,,,,,,,,,,,,,,,,,,HIGH FALLS,ONTARIO
2011-02-12 13:00,2011,2,12,13:00,,,,,,,,,,,,,,,,,,,,HIGH FALLS,ONTARIO
2011-02-12 14:00,2011,2,12,14:00,,,,,,,,,,,,,,,,,,,,HIGH FALLS,ONTARIO
2011-02-12 15:00,2011,2,12,15:00,,,,,,,,,,,,,,,,,,,,HIGH FALLS,ONTARIO
2011-02-12 16:00,2011,2,12,16:00,,,,,,,,,,,,,,,,,,,,HIGH FALLS,ONTARIO
2011-02-12 17:00,2011,2,12,17:00,,,,,,,,,,,,,,,,,,,,HIGH FALLS,ONTARIO
2011-02-12 18:00,2011,2,12,18:00,,,,,,,,,,,,,,,,,,,,HIGH FALLS,ONTARIO
2011-02-12 19:00,2011,2,12,19:00,,,,,,,,,,,,,,,,,,,,HIGH FALLS,ONTARIO
2011-02-12 20:00,2011,2,12,20:00,,,,,,,,,,,,,,,,,,,,HIGH FALLS,ONTARIO
2011-02-12 21:00,2011,2,12,21:00,,,,,,,,,,,,,,,,,,,,HIGH FALLS,ONTARIO
2011-02-12 22:00,2011,2,12,22:00,,,,,,,,,,,,,,,,,,,,HIGH FALLS,ONTARIO
2011-02-12 23:00,2011,2,12,23:00,,,,,,,,,,,,,,,,,,,,HIGH FALLS,ONTARIO
2011-02-13 00:00,2011,2,13,00:00,,,,,,,,,,,,,,,,,,,,HIGH FALLS,ONTARIO
2011-02-13 01:00,2011,2,13,01:00,,,,,,,,,,,,,,,,,,,,HIGH FALLS,ONTARIO
2011-02-13 02:00,2011,2,13,02:00,,,,,,,,,,,,,,,,,,,,HIGH FALLS,ONTARIO
2011-02-13 03:00,2011,2,13,03:00,,,,,,,,,,,,,,,,,,,,HIGH FALLS,ONTARIO
2011-02-13 04:00,2011,2,13,04:00,,,,,,,,,,,,,,,,,,,,HIGH FALLS,ONTARIO
2011-02-13 05:00,2011,2,13,05:00,,,,,,,,,,,,,,,,,,,,HIGH FALLS,ONTARIO
2011-02-13 06:00,2011,2,13,06:00,,,,,,,,,,,,,,,,,,,,HIGH FALLS,ONTARIO
2011-02-13 07:00,2011,2,13,07:00,,,,,,,,,,,,,,,,,,,,HIGH FALLS,ONTARIO
2011-02-13 08:00,2011,2,13,08:00,,,,,,,,,,,,,,,,,,,,HIGH FALLS,ONTARIO
2011-02-13 09:00,2011,2,13,09:00,,,,,,,,,,,,,,,,,,,,HIGH FALLS,ONTARIO
2011-02-13 10:00,2011,2,13,10:00,,,,,,,,,,,,,,,,,,,,HIGH FALLS,ONTARIO
2011-02-13 11:00,2011,2,13,11:00,,,,,,,,,,,,,,,,,,,,HIGH FALLS,ONTARIO
2011-02-13 12:00,2011,2,13,12:00,,,,,,,,,,,,,,,,,,,,HIGH FALLS,ONTARIO
2011-02-13 13:00,2011,2,13,13:00,,,,,,,,,,,,,,,,,,,,HIGH FALLS,ONTARIO
2011-02-13 14:00,2011,2,13,14:00,,,,,,,,,,,,,,,,,,,,HIGH FALLS,ONTARIO
2011-02-13 15:00,2011,2,13,15:00,,,,,,,,,,,,,,,,,,,,HIGH FALLS,ONTARIO
2011-02-13 16:00,2011,2,13,16:00,,,,,,,,,,,,,,,,,,,,HIGH FALLS,ONTARIO
2011-02-13 17:00,2011,2,13,17:00,,,,,,,,,,,,,,,,,,,,HIGH FALLS,ONTARIO
2011-02-13 18:00,2011,2,13,18:00,,,,,,,,,,,,,,,,,,,,HIGH FALLS,ONTARIO
2011-02-13 19:00,2011,2,13,19:00,,,,,,,,,,,,,,,,,,,,HIGH FALLS,ONTARIO
2011-02-13 20:00,2011,2,13,20:00,,,,,,,,,,,,,,,,,,,,HIGH FALLS,ONTARIO
2011-02-13 21:00,2011,2,13,21:00,,,,,,,,,,,,,,,,,,,,HIGH FALLS,ONTARIO
2011-02-13 22:00,2011,2,13,22:00,,,,,,,,,,,,,,,,,,,,HIGH FALLS,ONTARIO
2011-02-13 23:00,2011,2,13,23:00,,,,,,,,,,,,,,,,,,,,HIGH FALLS,ONTARIO
2011-02-14 00:00,2011,2,14,00:00,,,,,,,,,,,,,,,,,,,,HIGH FALLS,ONTARIO
2011-02-14 01:00,2011,2,14,01:00,,,,,,,,,,,,,,,,,,,,HIGH FALLS,ONTARIO
2011-02-14 02:00,2011,2,14,02:00,,,,,,,,,,,,,,,,,,,,HIGH FALLS,ONTARIO
2011-02-14 03:00,2011,2,14,03:00,,,,,,,,,,,,,,,,,,,,HIGH FALLS,ONTARIO
2011-02-14 04:00,2011,2,14,04:00,,,,,,,,,,,,,,,,,,,,HIGH FALLS,ONTARIO
2011-02-14 05:00,2011,2,14,05:00,,,,,,,,,,,,,,,,,,,,HIGH FALLS,ONTARIO
2011-02-14 06:00,2011,2,14,06:00,,,,,,,,,,,,,,,,,,,,HIGH FALLS,ONTARIO
2011-02-14 07:00,2011,2,14,07:00,,,,,,,,,,,,,,,,,,,,HIGH FALLS,ONTARIO
2011-02-14 08:00,2011,2,14,08:00,,,,,,,,,,,,,,,,,,,,HIGH FALLS,ONTARIO
2011-02-14 09:00,2011,2,14,09:00,,,,,,,,,,,,,,,,,,,,HIGH FALLS,ONTARIO
2011-02-14 10:00,2011,2,14,10:00,,,,,,,,,,,,,,,,,,,,HIGH FALLS,ONTARIO
2011-02-14 11:00,2011,2,14,11:00,,,,,,,,,,,,,,,,,,,,HIGH FALLS,ONTARIO
2011-02-14 12:00,2011,2,14,12:00,,,,,,,,,,,,,,,,,,,,HIGH FALLS,ONTARIO
2011-02-14 13:00,2011,2,14,13:00,,,,,,,,,,,,,,,,,,,,HIGH FALLS,ONTARIO
2011-02-14 14:00,2011,2,14,14:00,,,,,,,,,,,,,,,,,,,,HIGH FALLS,ONTARIO
2011-02-14 15:00,2011,2,14,15:00,,,,,,,,,,,,,,,,,,,,HIGH FALLS,ONTARIO
2011-02-14 16:00,2011,2,14,16:00,,,,,,,,,,,,,,,,,,,,HIGH FALLS,ONTARIO
2011-02-14 17:00,2011,2,14,17:00,,,,,,,,,,,,,,,,,,,,HIGH FALLS,ONTARIO
2011-02-14 18:00,2011,2,14,18:00,,,,,,,,,,,,,,,,,,,,HIGH FALLS,ONTARIO
2011-02-14 19:00,2011,2,14,19:00,,,,,,,,,,,,,,,,,,,,HIGH FALLS,ONTARIO
2011-02-14 20:00,2011,2,14,20:00,,,,,,,,,,,,,,,,,,,,HIGH FALLS,ONTARIO
2011-02-14 21:00,2011,2,14,21:00,,,,,,,,,,,,,,,,,,,,HIGH FALLS,ONTARIO
2011-02-14 22:00,2011,2,14,22:00,,,,,,,,,,,,,,,,,,,,HIGH FALLS,ONTARIO
2011-02-14 23:00,2011,2,14,23:00,,,,,,,,,,,,,,,,,,,,HIGH FALLS,ONTARIO
2011-02-15 00:00,2011,2,15,00:00,,,,,,,,,,,,,,,,,,,,HIGH FALLS,ONTARIO
2011-02-15 01:00,2011,2,15,01:00,,,,,,,,,,,,,,,,,,,,HIGH FALLS,ONTARIO
2011-02-15 02:00,2011,2,15,02:00,,,,,,,,,,,,,,,,,,,,HIGH FALLS,ONTARIO
2011-02-15 03:00,2011,2,15,03:00,,,,,,,,,,,,,,,,,,,,HIGH FALLS,ONTARIO
2011-02-15 04:00,2011,2,15,04:00,,,,,,,,,,,,,,,,,,,,HIGH FALLS,ONTARIO
2011-02-15 05:00,2011,2,15,05:00,,,,,,,,,,,,,,,,,,,,HIGH FALLS,ONTARIO
2011-02-15 06:00,2011,2,15,06:00,,,,,,,,,,,,,,,,,,,,HIGH FALLS,ONTARIO
2011-02-15 07:00,2011,2,15,07:00,,,,,,,,,,,,,,,,,,,,HIGH FALLS,ONTARIO
2011-02-15 08:00,2011,2,15,08:00,,,,,,,,,,,,,,,,,,,,HIGH FALLS,ONTARIO
2011-02-15 09:00,2011,2,15,09:00,,,,,,,,,,,,,,,,,,,,HIGH FALLS,ONTARIO
2011-02-15 10:00,2011,2,15,10:00,,,,,,,,,,,,,,,,,,,,HIGH FALLS,ONTARIO
2011-02-15 11:00,2011,2,15,11:00,,,,,,,,,,,,,,,,,,,,HIGH FALLS,ONTARIO
2011-02-15 12:00,2011,2,15,12:00,,,,,,,,,,,,,,,,,,,,HIGH FALLS,ONTARIO
2011-02-15 13:00,2011,2,15,13:00,,,,,,,,,,,,,,,,,,,,HIGH FALLS,ONTARIO
2011-02-15 14:00,2011,2,15,14:00,,,,,,,,,,,,,,,,,,,,HIGH FALLS,ONTARIO
2011-02-15 15:00,2011,2,15,15:00,,,,,,,,,,,,,,,,,,,,HIGH FALLS,ONTARIO
2011-02-15 16:00,2011,2,15,16:00,,,,,,,,,,,,,,,,,,,,HIGH FALLS,ONTARIO
2011-02-15 17:00,2011,2,15,17:00,,,,,,,,,,,,,,,,,,,,HIGH FALLS,ONTARIO
2011-02-15 18:00,2011,2,15,18:00,,,,,,,,,,,,,,,,,,,,HIGH FALLS,ONTARIO
2011-02-15 19:00,2011,2,15,19:00,,,,,,,,,,,,,,,,,,,,HIGH FALLS,ONTARIO
2011-02-15 20:00,2011,2,15,20:00,,,,,,,,,,,,,,,,,,,,HIGH FALLS,ONTARIO
2011-02-15 21:00,2011,2,15,21:00,,,,,,,,,,,,,,,,,,,,HIGH FALLS,ONTARIO
2011-02-15 22:00,2011,2,15,22:00,,,,,,,,,,,,,,,,,,,,HIGH FALLS,ONTARIO
2011-02-15 23:00,2011,2,15,23:00,,,,,,,,,,,,,,,,,,,,HIGH FALLS,ONTARIO
2011-02-16 00:00,2011,2,16,00:00,,,,,,,,,,,,,,,,,,,,HIGH FALLS,ONTARIO
2011-02-16 01:00,2011,2,16,01:00,,,,,,,,,,,,,,,,,,,,HIGH FALLS,ONTARIO
2011-02-16 02:00,2011,2,16,02:00,,,,,,,,,,,,,,,,,,,,HIGH FALLS,ONTARIO
2011-02-16 03:00,2011,2,16,03:00,,,,,,,,,,,,,,,,,,,,HIGH FALLS,ONTARIO
2011-02-16 04:00,2011,2,16,04:00,,,,,,,,,,,,,,,,,,,,HIGH FALLS,ONTARIO
2011-02-16 05:00,2011,2,16,05:00,,,,,,,,,,,,,,,,,,,,HIGH FALLS,ONTARIO
2011-02-16 06:00,2011,2,16,06:00,,,,,,,,,,,,,,,,,,,,HIGH FALLS,ONTARIO
2011-02-16 07:00,2011,2,16,07:00,,,,,,,,,,,,,,,,,,,,HIGH FALLS,ONTARIO
2011-02-16 08:00,2011,2,16,08:00,,,,,,,,,,,,,,,,,,,,HIGH FALLS,ONTARIO
2011-02-16 09:00,2011,2,16,09:00,,,,,,,,,,,,,,,,,,,,HIGH FALLS,ONTARIO
2011-02-16 10:00,2011,2,16,10:00,,,,,,,,,,,,,,,,,,,,HIGH FALLS,ONTARIO
2011-02-16 11:00,2011,2,16,11:00,,,,,,,,,,,,,,,,,,,,HIGH FALLS,ONTARIO
2011-02-16 12:00,2011,2,16,12:00,,,,,,,,,,,,,,,,,,,,HIGH FALLS,ONTARIO
2011-02-16 13:00,2011,2,16,13:00,,,,,,,,,,,,,,,,,,,,HIGH FALLS,ONTARIO
2011-02-16 14:00,2011,2,16,14:00,,,,,,,,,,,,,,,,,,,,HIGH FALLS,ONTARIO
2011-02-16 15:00,2011,2,16,15:00,,,,,,,,,,,,,,,,,,,,HIGH FALLS,ONTARIO
2011-02-16 16:00,2011,2,16,16:00,,,,,,,,,,,,,,,,,,,,HIGH FALLS,ONTARIO
2011-02-16 17:00,2011,2,16,17:00,,,,,,,,,,,,,,,,,,,,HIGH FALLS,ONTARIO
2011-02-16 18:00,2011,2,16,18:00,,,,,,,,,,,,,,,,,,,,HIGH FALLS,ONTARIO
2011-02-16 19:00,2011,2,16,19:00,,,,,,,,,,,,,,,,,,,,HIGH FALLS,ONTARIO
2011-02-16 20:00,2011,2,16,20:00,,,,,,,,,,,,,,,,,,,,HIGH FALLS,ONTARIO
2011-02-16 21:00,2011,2,16,21:00,,,,,,,,,,,,,,,,,,,,HIGH FALLS,ONTARIO
2011-02-16 22:00,2011,2,16,22:00,,,,,,,,,,,,,,,,,,,,HIGH FALLS,ONTARIO
2011-02-16 23:00,2011,2,16,23:00,,,,,,,,,,,,,,,,,,,,HIGH FALLS,ONTARIO
2011-02-17 00:00,2011,2,17,00:00,,,,,,,,,,,,,,,,,,,,HIGH FALLS,ONTARIO
2011-02-17 01:00,2011,2,17,01:00,,,,,,,,,,,,,,,,,,,,HIGH FALLS,ONTARIO
2011-02-17 02:00,2011,2,17,02:00,,,,,,,,,,,,,,,,,,,,HIGH FALLS,ONTARIO
2011-02-17 03:00,2011,2,17,03:00,,,,,,,,,,,,,,,,,,,,HIGH FALLS,ONTARIO
2011-02-17 04:00,2011,2,17,04:00,,,,,,,,,,,,,,,,,,,,HIGH FALLS,ONTARIO
2011-02-17 05:00,2011,2,17,05:00,,,,,,,,,,,,,,,,,,,,HIGH FALLS,ONTARIO
2011-02-17 06:00,2011,2,17,06:00,,,,,,,,,,,,,,,,,,,,HIGH FALLS,ONTARIO
2011-02-17 07:00,2011,2,17,07:00,,,,,,,,,,,,,,,,,,,,HIGH FALLS,ONTARIO
2011-02-17 08:00,2011,2,17,08:00,,,,,,,,,,,,,,,,,,,,HIGH FALLS,ONTARIO
2011-02-17 09:00,2011,2,17,09:00,,,,,,,,,,,,,,,,,,,,HIGH FALLS,ONTARIO
2011-02-17 10:00,2011,2,17,10:00,,,,,,,,,,,,,,,,,,,,HIGH FALLS,ONTARIO
2011-02-17 11:00,2011,2,17,11:00,,,,,,,,,,,,,,,,,,,,HIGH FALLS,ONTARIO
2011-02-17 12:00,2011,2,17,12:00,,,,,,,,,,,,,,,,,,,,HIGH FALLS,ONTARIO
2011-02-17 13:00,2011,2,17,13:00,,,,,,,,,,,,,,,,,,,,HIGH FALLS,ONTARIO
2011-02-17 14:00,2011,2,17,14:00,,,,,,,,,,,,,,,,,,,,HIGH FALLS,ONTARIO
2011-02-17 15:00,2011,2,17,15:00,,,,,,,,,,,,,,,,,,,,HIGH FALLS,ONTARIO
2011-02-17 16:00,2011,2,17,16:00,,,,,,,,,,,,,,,,,,,,HIGH FALLS,ONTARIO
2011-02-17 17:00,2011,2,17,17:00,,,,,,,,,,,,,,,,,,,,HIGH FALLS,ONTARIO
2011-02-17 18:00,2011,2,17,18:00,,,,,,,,,,,,,,,,,,,,HIGH FALLS,ONTARIO
2011-02-17 19:00,2011,2,17,19:00,,,,,,,,,,,,,,,,,,,,HIGH FALLS,ONTARIO
2011-02-17 20:00,2011,2,17,20:00,,,,,,,,,,,,,,,,,,,,HIGH FALLS,ONTARIO
2011-02-17 21:00,2011,2,17,21:00,,,,,,,,,,,,,,,,,,,,HIGH FALLS,ONTARIO
2011-02-17 22:00,2011,2,17,22:00,,,,,,,,,,,,,,,,,,,,HIGH FALLS,ONTARIO
2011-02-17 23:00,2011,2,17,23:00,,,,,,,,,,,,,,,,,,,,HIGH FALLS,ONTARIO
2011-02-18 00:00,2011,2,18,00:00,,,,,,,,,,,,,,,,,,,,HIGH FALLS,ONTARIO
2011-02-18 01:00,2011,2,18,01:00,,,,,,,,,,,,,,,,,,,,HIGH FALLS,ONTARIO
2011-02-18 02:00,2011,2,18,02:00,,,,,,,,,,,,,,,,,,,,HIGH FALLS,ONTARIO
2011-02-18 03:00,2011,2,18,03:00,,,,,,,,,,,,,,,,,,,,HIGH FALLS,ONTARIO
2011-02-18 04:00,2011,2,18,04:00,,,,,,,,,,,,,,,,,,,,HIGH FALLS,ONTARIO
2011-02-18 05:00,2011,2,18,05:00,,,,,,,,,,,,,,,,,,,,HIGH FALLS,ONTARIO
2011-02-18 06:00,2011,2,18,06:00,,,,,,,,,,,,,,,,,,,,HIGH FALLS,ONTARIO
2011-02-18 07:00,2011,2,18,07:00,,,,,,,,,,,,,,,,,,,,HIGH FALLS,ONTARIO
2011-02-18 08:00,2011,2,18,08:00,,,,,,,,,,,,,,,,,,,,HIGH FALLS,ONTARIO
2011-02-18 09:00,2011,2,18,09:00,,,,,,,,,,,,,,,,,,,,HIGH FALLS,ONTARIO
2011-02-18 10:00,2011,2,18,10:00,,,,,,,,,,,,,,,,,,,,HIGH FALLS,ONTARIO
2011-02-18 11:00,2011,2,18,11:00,,,,,,,,,,,,,,,,,,,,HIGH FALLS,ONTARIO
2011-02-18 12:00,2011,2,18,12:00,,,,,,,,,,,,,,,,,,,,HIGH FALLS,ONTARIO
2011-02-18 13:00,2011,2,18,13:00,,,,,,,,,,,,,,,,,,,,HIGH FALLS,ONTARIO
2011-02-18 14:00,2011,2,18,14:00,,,,,,,,,,,,,,,,,,,,HIGH FALLS,ONTARIO
2011-02-18 15:00,2011,2,18,15:00,,,,,,,,,,,,,,,,,,,,HIGH FALLS,ONTARIO
2011-02-18 16:00,2011,2,18,16:00,,,,,,,,,,,,,,,,,,,,HIGH FALLS,ONTARIO
2011-02-18 17:00,2011,2,18,17:00,,,,,,,,,,,,,,,,,,,,HIGH FALLS,ONTARIO
2011-02-18 18:00,2011,2,18,18:00,,,,,,,,,,,,,,,,,,,,HIGH FALLS,ONTARIO
2011-02-18 19:00,2011,2,18,19:00,,,,,,,,,,,,,,,,,,,,HIGH FALLS,ONTARIO
2011-02-18 20:00,2011,2,18,20:00,,,,,,,,,,,,,,,,,,,,HIGH FALLS,ONTARIO
2011-02-18 21:00,2011,2,18,21:00,,,,,,,,,,,,,,,,,,,,HIGH FALLS,ONTARIO
2011-02-18 22:00,2011,2,18,22:00,,,,,,,,,,,,,,,,,,,,HIGH FALLS,ONTARIO
2011-02-18 23:00,2011,2,18,23:00,,,,,,,,,,,,,,,,,,,,HIGH FALLS,ONTARIO
2011-02-19 00:00,2011,2,19,00:00,,,,,,,,,,,,,,,,,,,,HIGH FALLS,ONTARIO
2011-02-19 01:00,2011,2,19,01:00,,,,,,,,,,,,,,,,,,,,HIGH FALLS,ONTARIO
2011-02-19 02:00,2011,2,19,02:00,,,,,,,,,,,,,,,,,,,,HIGH FALLS,ONTARIO
2011-02-19 03:00,2011,2,19,03:00,,,,,,,,,,,,,,,,,,,,HIGH FALLS,ONTARIO
2011-02-19 04:00,2011,2,19,04:00,,,,,,,,,,,,,,,,,,,,HIGH FALLS,ONTARIO
2011-02-19 05:00,2011,2,19,05:00,,,,,,,,,,,,,,,,,,,,HIGH FALLS,ONTARIO
2011-02-19 06:00,2011,2,19,06:00,,,,,,,,,,,,,,,,,,,,HIGH FALLS,ONTARIO
2011-02-19 07:00,2011,2,19,07:00,,,,,,,,,,,,,,,,,,,,HIGH FALLS,ONTARIO
2011-02-19 08:00,2011,2,19,08:00,,,,,,,,,,,,,,,,,,,,HIGH FALLS,ONTARIO
2011-02-19 09:00,2011,2,19,09:00,,,,,,,,,,,,,,,,,,,,HIGH FALLS,ONTARIO
2011-02-19 10:00,2011,2,19,10:00,,,,,,,,,,,,,,,,,,,,HIGH FALLS,ONTARIO
2011-02-19 11:00,2011,2,19,11:00,,,,,,,,,,,,,,,,,,,,HIGH FALLS,ONTARIO
2011-02-19 12:00,2011,2,19,12:00,,,,,,,,,,,,,,,,,,,,HIGH FALLS,ONTARIO
2011-02-19 13:00,2011,2,19,13:00,,,,,,,,,,,,,,,,,,,,HIGH FALLS,ONTARIO
2011-02-19 14:00,2011,2,19,14:00,,,,,,,,,,,,,,,,,,,,HIGH FALLS,ONTARIO
2011-02-19 15:00,2011,2,19,15:00,,,,,,,,,,,,,,,,,,,,HIGH FALLS,ONTARIO
2011-02-19 16:00,2011,2,19,16:00,,,,,,,,,,,,,,,,,,,,HIGH FALLS,ONTARIO
2011-02-19 17:00,2011,2,19,17:00,,,,,,,,,,,,,,,,,,,,HIGH FALLS,ONTARIO
2011-02-19 18:00,2011,2,19,18:00,,,,,,,,,,,,,,,,,,,,HIGH FALLS,ONTARIO
2011-02-19 19:00,2011,2,19,19:00,,,,,,,,,,,,,,,,,,,,HIGH FALLS,ONTARIO
2011-02-19 20:00,2011,2,19,20:00,,,,,,,,,,,,,,,,,,,,HIGH FALLS,ONTARIO
2011-02-19 21:00,2011,2,19,21:00,,,,,,,,,,,,,,,,,,,,HIGH FALLS,ONTARIO
2011-02-19 22:00,2011,2,19,22:00,,,,,,,,,,,,,,,,,,,,HIGH FALLS,ONTARIO
2011-02-19 23:00,2011,2,19,23:00,,,,,,,,,,,,,,,,,,,,HIGH FALLS,ONTARIO
2011-02-20 00:00,2011,2,20,00:00,,,,,,,,,,,,,,,,,,,,HIGH FALLS,ONTARIO
2011-02-20 01:00,2011,2,20,01:00,,,,,,,,,,,,,,,,,,,,HIGH FALLS,ONTARIO
2011-02-20 02:00,2011,2,20,02:00,,,,,,,,,,,,,,,,,,,,HIGH FALLS,ONTARIO
2011-02-20 03:00,2011,2,20,03:00,,,,,,,,,,,,,,,,,,,,HIGH FALLS,ONTARIO
2011-02-20 04:00,2011,2,20,04:00,,,,,,,,,,,,,,,,,,,,HIGH FALLS,ONTARIO
2011-02-20 05:00,2011,2,20,05:00,,,,,,,,,,,,,,,,,,,,HIGH FALLS,ONTARIO
2011-02-20 06:00,2011,2,20,06:00,,,,,,,,,,,,,,,,,,,,HIGH FALLS,ONTARIO
2011-02-20 07:00,2011,2,20,07:00,,,,,,,,,,,,,,,,,,,,HIGH FALLS,ONTARIO
2011-02-20 08:00,2011,2,20,08:00,,,,,,,,,,,,,,,,,,,,HIGH FALLS,ONTARIO
2011-02-20 09:00,2011,2,20,09:00,,,,,,,,,,,,,,,,,,,,HIGH FALLS,ONTARIO
2011-02-20 10:00,2011,2,20,10:00,,,,,,,,,,,,,,,,,,,,HIGH FALLS,ONTARIO
2011-02-20 11:00,2011,2,20,11:00,,,,,,,,,,,,,,,,,,,,HIGH FALLS,ONTARIO
2011-02-20 12:00,2011,2,20,12:00,,,,,,,,,,,,,,,,,,,,HIGH FALLS,ONTARIO
2011-02-20 13:00,2011,2,20,13:00,,,,,,,,,,,,,,,,,,,,HIGH FALLS,ONTARIO
2011-02-20 14:00,2011,2,20,14:00,,,,,,,,,,,,,,,,,,,,HIGH FALLS,ONTARIO
2011-02-20 15:00,2011,2,20,15:00,,,,,,,,,,,,,,,,,,,,HIGH FALLS,ONTARIO
2011-02-20 16:00,2011,2,20,16:00,,,,,,,,,,,,,,,,,,,,HIGH FALLS,ONTARIO
2011-02-20 17:00,2011,2,20,17:00,,,,,,,,,,,,,,,,,,,,HIGH FALLS,ONTARIO
2011-02-20 18:00,2011,2,20,18:00,,,,,,,,,,,,,,,,,,,,HIGH FALLS,ONTARIO
2011-02-20 19:00,2011,2,20,19:00,,,,,,,,,,,,,,,,,,,,HIGH FALLS,ONTARIO
2011-02-20 20:00,2011,2,20,20:00,,,,,,,,,,,,,,,,,,,,HIGH FALLS,ONTARIO
2011-02-20 21:00,2011,2,20,21:00,,,,,,,,,,,,,,,,,,,,HIGH FALLS,ONTARIO
2011-02-20 22:00,2011,2,20,22:00,,,,,,,,,,,,,,,,,,,,HIGH FALLS,ONTARIO
2011-02-20 23:00,2011,2,20,23:00,,,,,,,,,,,,,,,,,,,,HIGH FALLS,ONTARIO
2011-02-21 00:00,2011,2,21,00:00,,,,,,,,,,,,,,,,,,,,HIGH FALLS,ONTARIO
2011-02-21 01:00,2011,2,21,01:00,,,,,,,,,,,,,,,,,,,,HIGH FALLS,ONTARIO
2011-02-21 02:00,2011,2,21,02:00,,,,,,,,,,,,,,,,,,,,HIGH FALLS,ONTARIO
2011-02-21 03:00,2011,2,21,03:00,,,,,,,,,,,,,,,,,,,,HIGH FALLS,ONTARIO
2011-02-21 04:00,2011,2,21,04:00,,,,,,,,,,,,,,,,,,,,HIGH FALLS,ONTARIO
2011-02-21 05:00,2011,2,21,05:00,,,,,,,,,,,,,,,,,,,,HIGH FALLS,ONTARIO
2011-02-21 06:00,2011,2,21,06:00,,,,,,,,,,,,,,,,,,,,HIGH FALLS,ONTARIO
2011-02-21 07:00,2011,2,21,07:00,,,,,,,,,,,,,,,,,,,,HIGH FALLS,ONTARIO
2011-02-21 08:00,2011,2,21,08:00,,,,,,,,,,,,,,,,,,,,HIGH FALLS,ONTARIO
2011-02-21 09:00,2011,2,21,09:00,,,,,,,,,,,,,,,,,,,,HIGH FALLS,ONTARIO
2011-02-21 10:00,2011,2,21,10:00,,,,,,,,,,,,,,,,,,,,HIGH FALLS,ONTARIO
2011-02-21 11:00,2011,2,21,11:00,,,,,,,,,,,,,,,,,,,,HIGH FALLS,ONTARIO
2011-02-21 12:00,2011,2,21,12:00,,,,,,,,,,,,,,,,,,,,HIGH FALLS,ONTARIO
2011-02-21 13:00,2011,2,21,13:00,,,,,,,,,,,,,,,,,,,,HIGH FALLS,ONTARIO
2011-02-21 14:00,2011,2,21,14:00,,,,,,,,,,,,,,,,,,,,HIGH FALLS,ONTARIO
2011-02-21 15:00,2011,2,21,15:00,,,,,,,,,,,,,,,,,,,,HIGH FALLS,ONTARIO
2011-02-21 16:00,2011,2,21,16:00,,,,,,,,,,,,,,,,,,,,HIGH FALLS,ONTARIO
2011-02-21 17:00,2011,2,21,17:00,,,,,,,,,,,,,,,,,,,,HIGH FALLS,ONTARIO
2011-02-21 18:00,2011,2,21,18:00,,,,,,,,,,,,,,,,,,,,HIGH FALLS,ONTARIO
2011-02-21 19:00,2011,2,21,19:00,,,,,,,,,,,,,,,,,,,,HIGH FALLS,ONTARIO
2011-02-21 20:00,2011,2,21,20:00,,,,,,,,,,,,,,,,,,,,HIGH FALLS,ONTARIO
2011-02-21 21:00,2011,2,21,21:00,,,,,,,,,,,,,,,,,,,,HIGH FALLS,ONTARIO
2011-02-21 22:00,2011,2,21,22:00,,,,,,,,,,,,,,,,,,,,HIGH FALLS,ONTARIO
2011-02-21 23:00,2011,2,21,23:00,,,,,,,,,,,,,,,,,,,,HIGH FALLS,ONTARIO
2011-02-22 00:00,2011,2,22,00:00,,,,,,,,,,,,,,,,,,,,HIGH FALLS,ONTARIO
2011-02-22 01:00,2011,2,22,01:00,,,,,,,,,,,,,,,,,,,,HIGH FALLS,ONTARIO
2011-02-22 02:00,2011,2,22,02:00,,,,,,,,,,,,,,,,,,,,HIGH FALLS,ONTARIO
2011-02-22 03:00,2011,2,22,03:00,,,,,,,,,,,,,,,,,,,,HIGH FALLS,ONTARIO
2011-02-22 04:00,2011,2,22,04:00,,,,,,,,,,,,,,,,,,,,HIGH FALLS,ONTARIO
2011-02-22 05:00,2011,2,22,05:00,,,,,,,,,,,,,,,,,,,,HIGH FALLS,ONTARIO
2011-02-22 06:00,2011,2,22,06:00,,,,,,,,,,,,,,,,,,,,HIGH FALLS,ONTARIO
2011-02-22 07:00,2011,2,22,07:00,,,,,,,,,,,,,,,,,,,,HIGH FALLS,ONTARIO
2011-02-22 08:00,2011,2,22,08:00,,,,,,,,,,,,,,,,,,,,HIGH FALLS,ONTARIO
2011-02-22 09:00,2011,2,22,09:00,,,,,,,,,,,,,,,,,,,,HIGH FALLS,ONTARIO
2011-02-22 10:00,2011,2,22,10:00,,,,,,,,,,,,,,,,,,,,HIGH FALLS,ONTARIO
2011-02-22 11:00,2011,2,22,11:00,,,,,,,,,,,,,,,,,,,,HIGH FALLS,ONTARIO
2011-02-22 12:00,2011,2,22,12:00,,,,,,,,,,,,,,,,,,,,HIGH FALLS,ONTARIO
2011-02-22 13:00,2011,2,22,13:00,,,,,,,,,,,,,,,,,,,,HIGH FALLS,ONTARIO
2011-02-22 14:00,2011,2,22,14:00,,,,,,,,,,,,,,,,,,,,HIGH FALLS,ONTARIO
2011-02-22 15:00,2011,2,22,15:00,,,,,,,,,,,,,,,,,,,,HIGH FALLS,ONTARIO
2011-02-22 16:00,2011,2,22,16:00,,,,,,,,,,,,,,,,,,,,HIGH FALLS,ONTARIO
2011-02-22 17:00,2011,2,22,17:00,,,,,,,,,,,,,,,,,,,,HIGH FALLS,ONTARIO
2011-02-22 18:00,2011,2,22,18:00,,,,,,,,,,,,,,,,,,,,HIGH FALLS,ONTARIO
2011-02-22 19:00,2011,2,22,19:00,,,,,,,,,,,,,,,,,,,,HIGH FALLS,ONTARIO
2011-02-22 20:00,2011,2,22,20:00,,,,,,,,,,,,,,,,,,,,HIGH FALLS,ONTARIO
2011-02-22 21:00,2011,2,22,21:00,,,,,,,,,,,,,,,,,,,,HIGH FALLS,ONTARIO
2011-02-22 22:00,2011,2,22,22:00,,,,,,,,,,,,,,,,,,,,HIGH FALLS,ONTARIO
2011-02-22 23:00,2011,2,22,23:00,,,,,,,,,,,,,,,,,,,,HIGH FALLS,ONTARIO
2011-02-23 00:00,2011,2,23,00:00,,,,,,,,,,,,,,,,,,,,HIGH FALLS,ONTARIO
2011-02-23 01:00,2011,2,23,01:00,,,,,,,,,,,,,,,,,,,,HIGH FALLS,ONTARIO
2011-02-23 02:00,2011,2,23,02:00,,,,,,,,,,,,,,,,,,,,HIGH FALLS,ONTARIO
2011-02-23 03:00,2011,2,23,03:00,,,,,,,,,,,,,,,,,,,,HIGH FALLS,ONTARIO
2011-02-23 04:00,2011,2,23,04:00,,,,,,,,,,,,,,,,,,,,HIGH FALLS,ONTARIO
2011-02-23 05:00,2011,2,23,05:00,,,,,,,,,,,,,,,,,,,,HIGH FALLS,ONTARIO
2011-02-23 06:00,2011,2,23,06:00,,,,,,,,,,,,,,,,,,,,HIGH FALLS,ONTARIO
2011-02-23 07:00,2011,2,23,07:00,,,,,,,,,,,,,,,,,,,,HIGH FALLS,ONTARIO
2011-02-23 08:00,2011,2,23,08:00,,,,,,,,,,,,,,,,,,,,HIGH FALLS,ONTARIO
2011-02-23 09:00,2011,2,23,09:00,,,,,,,,,,,,,,,,,,,,HIGH FALLS,ONTARIO
2011-02-23 10:00,2011,2,23,10:00,,,,,,,,,,,,,,,,,,,,HIGH FALLS,ONTARIO
2011-02-23 11:00,2011,2,23,11:00,,,,,,,,,,,,,,,,,,,,HIGH FALLS,ONTARIO
2011-02-23 12:00,2011,2,23,12:00,,,,,,,,,,,,,,,,,,,,HIGH FALLS,ONTARIO
2011-02-23 13:00,2011,2,23,13:00,,,,,,,,,,,,,,,,,,,,HIGH FALLS,ONTARIO
2011-02-23 14:00,2011,2,23,14:00,,,,,,,,,,,,,,,,,,,,HIGH FALLS,ONTARIO
2011-02-23 15:00,2011,2,23,15:00,,,,,,,,,,,,,,,,,,,,HIGH FALLS,ONTARIO
2011-02-23 16:00,2011,2,23,16:00,,,,,,,,,,,,,,,,,,,,HIGH FALLS,ONTARIO
2011-02-23 17:00,2011,2,23,17:00,,,,,,,,,,,,,,,,,,,,HIGH FALLS,ONTARIO
2011-02-23 18:00,2011,2,23,18:00,,,,,,,,,,,,,,,,,,,,HIGH FALLS,ONTARIO
2011-02-23 19:00,2011,2,23,19:00,,,,,,,,,,,,,,,,,,,,HIGH FALLS,ONTARIO
2011-02-23 20:00,2011,2,23,20:00,,,,,,,,,,,,,,,,,,,,HIGH FALLS,ONTARIO
2011-02-23 21:00,2011,2,23,21:00,,,,,,,,,,,,,,,,,,,,HIGH FALLS,ONTARIO
2011-02-23 22:00,2011,2,23,22:00,,,,,,,,,,,,,,,,,,,,HIGH FALLS,ONTARIO
2011-02-23 23:00,2011,2,23,23:00,,,,,,,,,,,,,,,,,,,,HIGH FALLS,ONTARIO
2011-02-24 00:00,2011,2,24,00:00,,,,,,,,,,,,,,,,,,,,HIGH FALLS,ONTARIO
2011-02-24 01:00,2011,2,24,01:00,,,,,,,,,,,,,,,,,,,,HIGH FALLS,ONTARIO
2011-02-24 02:00,2011,2,24,02:00,,,,,,,,,,,,,,,,,,,,HIGH FALLS,ONTARIO
2011-02-24 03:00,2011,2,24,03:00,,,,,,,,,,,,,,,,,,,,HIGH FALLS,ONTARIO
2011-02-24 04:00,2011,2,24,04:00,,,,,,,,,,,,,,,,,,,,HIGH FALLS,ONTARIO
2011-02-24 05:00,2011,2,24,05:00,,,,,,,,,,,,,,,,,,,,HIGH FALLS,ONTARIO
2011-02-24 06:00,2011,2,24,06:00,,,,,,,,,,,,,,,,,,,,HIGH FALLS,ONTARIO
2011-02-24 07:00,2011,2,24,07:00,,,,,,,,,,,,,,,,,,,,HIGH FALLS,ONTARIO
2011-02-24 08:00,2011,2,24,08:00,,,,,,,,,,,,,,,,,,,,HIGH FALLS,ONTARIO
2011-02-24 09:00,2011,2,24,09:00,,,,,,,,,,,,,,,,,,,,HIGH FALLS,ONTARIO
2011-02-24 10:00,2011,2,24,10:00,,,,,,,,,,,,,,,,,,,,HIGH FALLS,ONTARIO
2011-02-24 11:00,2011,2,24,11:00,,,,,,,,,,,,,,,,,,,,HIGH FALLS,ONTARIO
2011-02-24 12:00,2011,2,24,12:00,,,,,,,,,,,,,,,,,,,,HIGH FALLS,ONTARIO
2011-02-24 13:00,2011,2,24,13:00,,,,,,,,,,,,,,,,,,,,HIGH FALLS,ONTARIO
2011-02-24 14:00,2011,2,24,14:00,,,,,,,,,,,,,,,,,,,,HIGH FALLS,ONTARIO
2011-02-24 15:00,2011,2,24,15:00,,,,,,,,,,,,,,,,,,,,HIGH FALLS,ONTARIO
2011-02-24 16:00,2011,2,24,16:00,,,,,,,,,,,,,,,,,,,,HIGH FALLS,ONTARIO
2011-02-24 17:00,2011,2,24,17:00,,,,,,,,,,,,,,,,,,,,HIGH FALLS,ONTARIO
2011-02-24 18:00,2011,2,24,18:00,,,,,,,,,,,,,,,,,,,,HIGH FALLS,ONTARIO
2011-02-24 19:00,2011,2,24,19:00,,,,,,,,,,,,,,,,,,,,HIGH FALLS,ONTARIO
2011-02-24 20:00,2011,2,24,20:00,,,,,,,,,,,,,,,,,,,,HIGH FALLS,ONTARIO
2011-02-24 21:00,2011,2,24,21:00,,,,,,,,,,,,,,,,,,,,HIGH FALLS,ONTARIO
2011-02-24 22:00,2011,2,24,22:00,,,,,,,,,,,,,,,,,,,,HIGH FALLS,ONTARIO
2011-02-24 23:00,2011,2,24,23:00,,,,,,,,,,,,,,,,,,,,HIGH FALLS,ONTARIO
2011-02-25 00:00,2011,2,25,00:00,,,,,,,,,,,,,,,,,,,,HIGH FALLS,ONTARIO
2011-02-25 01:00,2011,2,25,01:00,,,,,,,,,,,,,,,,,,,,HIGH FALLS,ONTARIO
2011-02-25 02:00,2011,2,25,02:00,,,,,,,,,,,,,,,,,,,,HIGH FALLS,ONTARIO
2011-02-25 03:00,2011,2,25,03:00,,,,,,,,,,,,,,,,,,,,HIGH FALLS,ONTARIO
2011-02-25 04:00,2011,2,25,04:00,,,,,,,,,,,,,,,,,,,,HIGH FALLS,ONTARIO
2011-02-25 05:00,2011,2,25,05:00,,,,,,,,,,,,,,,,,,,,HIGH FALLS,ONTARIO
2011-02-25 06:00,2011,2,25,06:00,,,,,,,,,,,,,,,,,,,,HIGH FALLS,ONTARIO
2011-02-25 07:00,2011,2,25,07:00,,,,,,,,,,,,,,,,,,,,HIGH FALLS,ONTARIO
2011-02-25 08:00,2011,2,25,08:00,,,,,,,,,,,,,,,,,,,,HIGH FALLS,ONTARIO
2011-02-25 09:00,2011,2,25,09:00,,,,,,,,,,,,,,,,,,,,HIGH FALLS,ONTARIO
2011-02-25 10:00,2011,2,25,10:00,,,,,,,,,,,,,,,,,,,,HIGH FALLS,ONTARIO
2011-02-25 11:00,2011,2,25,11:00,,,,,,,,,,,,,,,,,,,,HIGH FALLS,ONTARIO
2011-02-25 12:00,2011,2,25,12:00,,,,,,,,,,,,,,,,,,,,HIGH FALLS,ONTARIO
2011-02-25 13:00,2011,2,25,13:00,,,,,,,,,,,,,,,,,,,,HIGH FALLS,ONTARIO
2011-02-25 14:00,2011,2,25,14:00,,,,,,,,,,,,,,,,,,,,HIGH FALLS,ONTARIO
2011-02-25 15:00,2011,2,25,15:00,,,,,,,,,,,,,,,,,,,,HIGH FALLS,ONTARIO
2011-02-25 16:00,2011,2,25,16:00,,,,,,,,,,,,,,,,,,,,HIGH FALLS,ONTARIO
2011-02-25 17:00,2011,2,25,17:00,,,,,,,,,,,,,,,,,,,,HIGH FALLS,ONTARIO
2011-02-25 18:00,2011,2,25,18:00,,,,,,,,,,,,,,,,,,,,HIGH FALLS,ONTARIO
2011-02-25 19:00,2011,2,25,19:00,,,,,,,,,,,,,,,,,,,,HIGH FALLS,ONTARIO
2011-02-25 20:00,2011,2,25,20:00,,,,,,,,,,,,,,,,,,,,HIGH FALLS,ONTARIO
2011-02-25 21:00,2011,2,25,21:00,,,,,,,,,,,,,,,,,,,,HIGH FALLS,ONTARIO
2011-02-25 22:00,2011,2,25,22:00,,,,,,,,,,,,,,,,,,,,HIGH FALLS,ONTARIO
2011-02-25 23:00,2011,2,25,23:00,,,,,,,,,,,,,,,,,,,,HIGH FALLS,ONTARIO
2011-02-26 00:00,2011,2,26,00:00,,,,,,,,,,,,,,,,,,,,HIGH FALLS,ONTARIO
2011-02-26 01:00,2011,2,26,01:00,,,,,,,,,,,,,,,,,,,,HIGH FALLS,ONTARIO
2011-02-26 02:00,2011,2,26,02:00,,,,,,,,,,,,,,,,,,,,HIGH FALLS,ONTARIO
2011-02-26 03:00,2011,2,26,03:00,,,,,,,,,,,,,,,,,,,,HIGH FALLS,ONTARIO
2011-02-26 04:00,2011,2,26,04:00,,,,,,,,,,,,,,,,,,,,HIGH FALLS,ONTARIO
2011-02-26 05:00,2011,2,26,05:00,,,,,,,,,,,,,,,,,,,,HIGH FALLS,ONTARIO
2011-02-26 06:00,2011,2,26,06:00,,,,,,,,,,,,,,,,,,,,HIGH FALLS,ONTARIO
2011-02-26 07:00,2011,2,26,07:00,,,,,,,,,,,,,,,,,,,,HIGH FALLS,ONTARIO
2011-02-26 08:00,2011,2,26,08:00,,,,,,,,,,,,,,,,,,,,HIGH FALLS,ONTARIO
2011-02-26 09:00,2011,2,26,09:00,,,,,,,,,,,,,,,,,,,,HIGH FALLS,ONTARIO
2011-02-26 10:00,2011,2,26,10:00,,,,,,,,,,,,,,,,,,,,HIGH FALLS,ONTARIO
2011-02-26 11:00,2011,2,26,11:00,,,,,,,,,,,,,,,,,,,,HIGH FALLS,ONTARIO
2011-02-26 12:00,2011,2,26,12:00,,,,,,,,,,,,,,,,,,,,HIGH FALLS,ONTARIO
2011-02-26 13:00,2011,2,26,13:00,,,,,,,,,,,,,,,,,,,,HIGH FALLS,ONTARIO
2011-02-26 14:00,2011,2,26,14:00,,,,,,,,,,,,,,,,,,,,HIGH FALLS,ONTARIO
2011-02-26 15:00,2011,2,26,15:00,,,,,,,,,,,,,,,,,,,,HIGH FALLS,ONTARIO
2011-02-26 16:00,2011,2,26,16:00,,,,,,,,,,,,,,,,,,,,HIGH FALLS,ONTARIO
2011-02-26 17:00,2011,2,26,17:00,,,,,,,,,,,,,,,,,,,,HIGH FALLS,ONTARIO
2011-02-26 18:00,2011,2,26,18:00,,,,,,,,,,,,,,,,,,,,HIGH FALLS,ONTARIO
2011-02-26 19:00,2011,2,26,19:00,,,,,,,,,,,,,,,,,,,,HIGH FALLS,ONTARIO
2011-02-26 20:00,2011,2,26,20:00,,,,,,,,,,,,,,,,,,,,HIGH FALLS,ONTARIO
2011-02-26 21:00,2011,2,26,21:00,,,,,,,,,,,,,,,,,,,,HIGH FALLS,ONTARIO
2011-02-26 22:00,2011,2,26,22:00,,,,,,,,,,,,,,,,,,,,HIGH FALLS,ONTARIO
2011-02-26 23:00,2011,2,26,23:00,,,,,,,,,,,,,,,,,,,,HIGH FALLS,ONTARIO
2011-02-27 00:00,2011,2,27,00:00,,,,,,,,,,,,,,,,,,,,HIGH FALLS,ONTARIO
2011-02-27 01:00,2011,2,27,01:00,,,,,,,,,,,,,,,,,,,,HIGH FALLS,ONTARIO
2011-02-27 02:00,2011,2,27,02:00,,,,,,,,,,,,,,,,,,,,HIGH FALLS,ONTARIO
2011-02-27 03:00,2011,2,27,03:00,,,,,,,,,,,,,,,,,,,,HIGH FALLS,ONTARIO
2011-02-27 04:00,2011,2,27,04:00,,,,,,,,,,,,,,,,,,,,HIGH FALLS,ONTARIO
2011-02-27 05:00,2011,2,27,05:00,,,,,,,,,,,,,,,,,,,,HIGH FALLS,ONTARIO
2011-02-27 06:00,2011,2,27,06:00,,,,,,,,,,,,,,,,,,,,HIGH FALLS,ONTARIO
2011-02-27 07:00,2011,2,27,07:00,,,,,,,,,,,,,,,,,,,,HIGH FALLS,ONTARIO
2011-02-27 08:00,2011,2,27,08:00,,,,,,,,,,,,,,,,,,,,HIGH FALLS,ONTARIO
2011-02-27 09:00,2011,2,27,09:00,,,,,,,,,,,,,,,,,,,,HIGH FALLS,ONTARIO
2011-02-27 10:00,2011,2,27,10:00,,,,,,,,,,,,,,,,,,,,HIGH FALLS,ONTARIO
2011-02-27 11:00,2011,2,27,11:00,,,,,,,,,,,,,,,,,,,,HIGH FALLS,ONTARIO
2011-02-27 12:00,2011,2,27,12:00,,,,,,,,,,,,,,,,,,,,HIGH FALLS,ONTARIO
2011-02-27 13:00,2011,2,27,13:00,,,,,,,,,,,,,,,,,,,,HIGH FALLS,ONTARIO
2011-02-27 14:00,2011,2,27,14:00,,,,,,,,,,,,,,,,,,,,HIGH FALLS,ONTARIO
2011-02-27 15:00,2011,2,27,15:00,,,,,,,,,,,,,,,,,,,,HIGH FALLS,ONTARIO
2011-02-27 16:00,2011,2,27,16:00,,,,,,,,,,,,,,,,,,,,HIGH FALLS,ONTARIO
2011-02-27 17:00,2011,2,27,17:00,,,,,,,,,,,,,,,,,,,,HIGH FALLS,ONTARIO
2011-02-27 18:00,2011,2,27,18:00,,,,,,,,,,,,,,,,,,,,HIGH FALLS,ONTARIO
2011-02-27 19:00,2011,2,27,19:00,,,,,,,,,,,,,,,,,,,,HIGH FALLS,ONTARIO
2011-02-27 20:00,2011,2,27,20:00,,,,,,,,,,,,,,,,,,,,HIGH FALLS,ONTARIO
2011-02-27 21:00,2011,2,27,21:00,,,,,,,,,,,,,,,,,,,,HIGH FALLS,ONTARIO
2011-02-27 22:00,2011,2,27,22:00,,,,,,,,,,,,,,,,,,,,HIGH FALLS,ONTARIO
2011-02-27 23:00,2011,2,27,23:00,,,,,,,,,,,,,,,,,,,,HIGH FALLS,ONTARIO
2011-02-28 00:00,2011,2,28,00:00,,,,,,,,,,,,,,,,,,,,HIGH FALLS,ONTARIO
2011-02-28 01:00,2011,2,28,01:00,,,,,,,,,,,,,,,,,,,,HIGH FALLS,ONTARIO
2011-02-28 02:00,2011,2,28,02:00,,,,,,,,,,,,,,,,,,,,HIGH FALLS,ONTARIO
2011-02-28 03:00,2011,2,28,03:00,,,,,,,,,,,,,,,,,,,,HIGH FALLS,ONTARIO
2011-02-28 04:00,2011,2,28,04:00,,,,,,,,,,,,,,,,,,,,HIGH FALLS,ONTARIO
2011-02-28 05:00,2011,2,28,05:00,,,,,,,,,,,,,,,,,,,,HIGH FALLS,ONTARIO
2011-02-28 06:00,2011,2,28,06:00,,,,,,,,,,,,,,,,,,,,HIGH FALLS,ONTARIO
2011-02-28 07:00,2011,2,28,07:00,,,,,,,,,,,,,,,,,,,,HIGH FALLS,ONTARIO
2011-02-28 08:00,2011,2,28,08:00,,,,,,,,,,,,,,,,,,,,HIGH FALLS,ONTARIO
2011-02-28 09:00,2011,2,28,09:00,,,,,,,,,,,,,,,,,,,,HIGH FALLS,ONTARIO
2011-02-28 10:00,2011,2,28,10:00,,,,,,,,,,,,,,,,,,,,HIGH FALLS,ONTARIO
2011-02-28 11:00,2011,2,28,11:00,,,,,,,,,,,,,,,,,,,,HIGH FALLS,ONTARIO
2011-02-28 12:00,2011,2,28,12:00,,,,,,,,,,,,,,,,,,,,HIGH FALLS,ONTARIO
2011-02-28 13:00,2011,2,28,13:00,,,,,,,,,,,,,,,,,,,,HIGH FALLS,ONTARIO
2011-02-28 14:00,2011,2,28,14:00,,,,,,,,,,,,,,,,,,,,HIGH FALLS,ONTARIO
2011-02-28 15:00,2011,2,28,15:00,,,,,,,,,,,,,,,,,,,,HIGH FALLS,ONTARIO
2011-02-28 16:00,2011,2,28,16:00,,,,,,,,,,,,,,,,,,,,HIGH FALLS,ONTARIO
2011-02-28 17:00,2011,2,28,17:00,,,,,,,,,,,,,,,,,,,,HIGH FALLS,ONTARIO
2011-02-28 18:00,2011,2,28,18:00,,,,,,,,,,,,,,,,,,,,HIGH FALLS,ONTARIO
2011-02-28 19:00,2011,2,28,19:00,,,,,,,,,,,,,,,,,,,,HIGH FALLS,ONTARIO
2011-02-28 20:00,2011,2,28,20:00,,,,,,,,,,,,,,,,,,,,HIGH FALLS,ONTARIO
2011-02-28 21:00,2011,2,28,21:00,,,,,,,,,,,,,,,,,,,,HIGH FALLS,ONTARIO
2011-02-28 22:00,2011,2,28,22:00,,,,,,,,,,,,,,,,,,,,HIGH FALLS,ONTARIO
2011-02-28 23:00,2011,2,28,23:00,,,,,,,,,,,,,,,,,,,,HIGH FALLS,ONTARIO
2012-02-01 00:00,2012,2,1,00:00,,,,,,,,,,,,,,,,,,,,HIGH FALLS,ONTARIO
2012-02-01 01:00,2012,2,1,01:00,,,,,,,,,,,,,,,,,,,,HIGH FALLS,ONTARIO
2012-02-01 02:00,2012,2,1,02:00,,,,,,,,,,,,,,,,,,,,HIGH FALLS,ONTARIO
2012-02-01 03:00,2012,2,1,03:00,,,,,,,,,,,,,,,,,,,,HIGH FALLS,ONTARIO
2012-02-01 04:00,2012,2,1,04:00,,,,,,,,,,,,,,,,,,,,HIGH FALLS,ONTARIO
2012-02-01 05:00,2012,2,1,05:00,,,,,,,,,,,,,,,,,,,,HIGH FALLS,ONTARIO
2012-02-01 06:00,2012,2,1,06:00,,,,,,,,,,,,,,,,,,,,HIGH FALLS,ONTARIO
2012-02-01 07:00,2012,2,1,07:00,,,,,,,,,,,,,,,,,,,,HIGH FALLS,ONTARIO
2012-02-01 08:00,2012,2,1,08:00,,,,,,,,,,,,,,,,,,,,HIGH FALLS,ONTARIO
2012-02-01 09:00,2012,2,1,09:00,,,,,,,,,,,,,,,,,,,,HIGH FALLS,ONTARIO
2012-02-01 10:00,2012,2,1,10:00,,,,,,,,,,,,,,,,,,,,HIGH FALLS,ONTARIO
2012-02-01 11:00,2012,2,1,11:00,,,,,,,,,,,,,,,,,,,,HIGH FALLS,ONTARIO
2012-02-01 12:00,2012,2,1,12:00,,,,,,,,,,,,,,,,,,,,HIGH FALLS,ONTARIO
2012-02-01 13:00,2012,2,1,13:00,,,,,,,,,,,,,,,,,,,,HIGH FALLS,ONTARIO
2012-02-01 14:00,2012,2,1,14:00,,,,,,,,,,,,,,,,,,,,HIGH FALLS,ONTARIO
2012-02-01 15:00,2012,2,1,15:00,,,,,,,,,,,,,,,,,,,,HIGH FALLS,ONTARIO
2012-02-01 16:00,2012,2,1,16:00,,,,,,,,,,,,,,,,,,,,HIGH FALLS,ONTARIO
2012-02-01 17:00,2012,2,1,17:00,,,,,,,,,,,,,,,,,,,,HIGH FALLS,ONTARIO
2012-02-01 18:00,2012,2,1,18:00,,,,,,,,,,,,,,,,,,,,HIGH FALLS,ONTARIO
2012-02-01 19:00,2012,2,1,19:00,,,,,,,,,,,,,,,,,,,,HIGH FALLS,ONTARIO
2012-02-01 20:00,2012,2,1,20:00,,,,,,,,,,,,,,,,,,,,HIGH FALLS,ONTARIO
2012-02-01 21:00,2012,2,1,21:00,,,,,,,,,,,,,,,,,,,,HIGH FALLS,ONTARIO
2012-02-01 22:00,2012,2,1,22:00,,,,,,,,,,,,,,,,,,,,HIGH FALLS,ONTARIO
2012-02-01 23:00,2012,2,1,23:00,,,,,,,,,,,,,,,,,,,,HIGH FALLS,ONTARIO
2012-02-02 00:00,2012,2,2,00:00,,,,,,,,,,,,,,,,,,,,HIGH FALLS,ONTARIO
2012-02-02 01:00,2012,2,2,01:00,,,,,,,,,,,,,,,,,,,,HIGH FALLS,ONTARIO
2012-02-02 02:00,2012,2,2,02:00,,,,,,,,,,,,,,,,,,,,HIGH FALLS,ONTARIO
2012-02-02 03:00,2012,2,2,03:00,,,,,,,,,,,,,,,,,,,,HIGH FALLS,ONTARIO
2012-02-02 04:00,2012,2,2,04:00,,,,,,,,,,,,,,,,,,,,HIGH FALLS,ONTARIO
2012-02-02 05:00,2012,2,2,05:00,,,,,,,,,,,,,,,,,,,,HIGH FALLS,ONTARIO
2012-02-02 06:00,2012,2,2,06:00,,,,,,,,,,,,,,,,,,,,HIGH FALLS,ONTARIO
2012-02-02 07:00,2012,2,2,07:00,,,,,,,,,,,,,,,,,,,,HIGH FALLS,ONTARIO
2012-02-02 08:00,2012,2,2,08:00,,,,,,,,,,,,,,,,,,,,HIGH FALLS,ONTARIO
2012-02-02 09:00,2012,2,2,09:00,,,,,,,,,,,,,,,,,,,,HIGH FALLS,ONTARIO
2012-02-02 10:00,2012,2,2,10:00,,,,,,,,,,,,,,,,,,,,HIGH FALLS,ONTARIO
2012-02-02 11:00,2012,2,2,11:00,,,,,,,,,,,,,,,,,,,,HIGH FALLS,ONTARIO
2012-02-02 12:00,2012,2,2,12:00,,,,,,,,,,,,,,,,,,,,HIGH FALLS,ONTARIO
2012-02-02 13:00,2012,2,2,13:00,,,,,,,,,,,,,,,,,,,,HIGH FALLS,ONTARIO
2012-02-02 14:00,2012,2,2,14:00,,,,,,,,,,,,,,,,,,,,HIGH FALLS,ONTARIO
2012-02-02 15:00,2012,2,2,15:00,,,,,,,,,,,,,,,,,,,,HIGH FALLS,ONTARIO
2012-02-02 16:00,2012,2,2,16:00,,,,,,,,,,,,,,,,,,,,HIGH FALLS,ONTARIO
2012-02-02 17:00,2012,2,2,17:00,,,,,,,,,,,,,,,,,,,,HIGH FALLS,ONTARIO
2012-02-02 18:00,2012,2,2,18:00,,,,,,,,,,,,,,,,,,,,HIGH FALLS,ONTARIO
2012-02-02 19:00,2012,2,2,19:00,,,,,,,,,,,,,,,,,,,,HIGH FALLS,ONTARIO
2012-02-02 20:00,2012,2,2,20:00,,,,,,,,,,,,,,,,,,,,HIGH FALLS,ONTARIO
2012-02-02 21:00,2012,2,2,21:00,,,,,,,,,,,,,,,,,,,,HIGH FALLS,ONTARIO
2012-02-02 22:00,2012,2,2,22:00,,,,,,,,,,,,,,,,,,,,HIGH FALLS,ONTARIO
2012-02-02 23:00,2012,2,2,23:00,,,,,,,,,,,,,,,,,,,,HIGH FALLS,ONTARIO
2012-02-03 00:00,2012,2,3,00:00,,,,,,,,,,,,,,,,,,,,HIGH FALLS,ONTARIO
2012-02-03 01:00,2012,2,3,01:00,,,,,,,,,,,,,,,,,,,,HIGH FALLS,ONTARIO
2012-02-03 02:00,2012,2,3,02:00,,,,,,,,,,,,,,,,,,,,HIGH FALLS,ONTARIO
2012-02-03 03:00,2012,2,3,03:00,,,,,,,,,,,,,,,,,,,,HIGH FALLS,ONTARIO
2012-02-03 04:00,2012,2,3,04:00,,,,,,,,,,,,,,,,,,,,HIGH FALLS,ONTARIO
2012-02-03 05:00,2012,2,3,05:00,,,,,,,,,,,,,,,,,,,,HIGH FALLS,ONTARIO
2012-02-03 06:00,2012,2,3,06:00,,,,,,,,,,,,,,,,,,,,HIGH FALLS,ONTARIO
2012-02-03 07:00,2012,2,3,07:00,,,,,,,,,,,,,,,,,,,,HIGH FALLS,ONTARIO
2012-02-03 08:00,2012,2,3,08:00,,,,,,,,,,,,,,,,,,,,HIGH FALLS,ONTARIO
2012-02-03 09:00,2012,2,3,09:00,,,,,,,,,,,,,,,,,,,,HIGH FALLS,ONTARIO
2012-02-03 10:00,2012,2,3,10:00,,,,,,,,,,,,,,,,,,,,HIGH FALLS,ONTARIO
2012-02-03 11:00,2012,2,3,11:00,,,,,,,,,,,,,,,,,,,,HIGH FALLS,ONTARIO
2012-02-03 12:00,2012,2,3,12:00,,,,,,,,,,,,,,,,,,,,HIGH FALLS,ONTARIO
2012-02-03 13:00,2012,2,3,13:00,,,,,,,,,,,,,,,,,,,,HIGH FALLS,ONTARIO
2012-02-03 14:00,2012,2,3,14:00,,,,,,,,,,,,,,,,,,,,HIGH FALLS,ONTARIO
2012-02-03 15:00,2012,2,3,15:00,,,,,,,,,,,,,,,,,,,,HIGH FALLS,ONTARIO
2012-02-03 16:00,2012,2,3,16:00,,,,,,,,,,,,,,,,,,,,HIGH FALLS,ONTARIO
2012-02-03 17:00,2012,2,3,17:00,,,,,,,,,,,,,,,,,,,,HIGH FALLS,ONTARIO
2012-02-03 18:00,2012,2,3,18:00,,,,,,,,,,,,,,,,,,,,HIGH FALLS,ONTARIO
2012-02-03 19:00,2012,2,3,19:00,,,,,,,,,,,,,,,,,,,,HIGH FALLS,ONTARIO
2012-02-03 20:00,2012,2,3,20:00,,,,,,,,,,,,,,,,,,,,HIGH FALLS,ONTARIO
2012-02-03 21:00,2012,2,3,21:00,,,,,,,,,,,,,,,,,,,,HIGH FALLS,ONTARIO
2012-02-03 22:00,2012,2,3,22:00,,,,,,,,,,,,,,,,,,,,HIGH FALLS,ONTARIO
2012-02-03 23:00,2012,2,3,23:00,,,,,,,,,,,,,,,,,,,,HIGH FALLS,ONTARIO
2012-02-04 00:00,2012,2,4,00:00,,,,,,,,,,,,,,,,,,,,HIGH FALLS,ONTARIO
2012-02-04 01:00,2012,2,4,01:00,,,,,,,,,,,,,,,,,,,,HIGH FALLS,ONTARIO
2012-02-04 02:00,2012,2,4,02:00,,,,,,,,,,,,,,,,,,,,HIGH FALLS,ONTARIO
2012-02-04 03:00,2012,2,4,03:00,,,,,,,,,,,,,,,,,,,,HIGH FALLS,ONTARIO
2012-02-04 04:00,2012,2,4,04:00,,,,,,,,,,,,,,,,,,,,HIGH FALLS,ONTARIO
2012-02-04 05:00,2012,2,4,05:00,,,,,,,,,,,,,,,,,,,,HIGH FALLS,ONTARIO
2012-02-04 06:00,2012,2,4,06:00,,,,,,,,,,,,,,,,,,,,HIGH FALLS,ONTARIO
2012-02-04 07:00,2012,2,4,07:00,,,,,,,,,,,,,,,,,,,,HIGH FALLS,ONTARIO
2012-02-04 08:00,2012,2,4,08:00,,,,,,,,,,,,,,,,,,,,HIGH FALLS,ONTARIO
2012-02-04 09:00,2012,2,4,09:00,,,,,,,,,,,,,,,,,,,,HIGH FALLS,ONTARIO
2012-02-04 10:00,2012,2,4,10:00,,,,,,,,,,,,,,,,,,,,HIGH FALLS,ONTARIO
2012-02-04 11:00,2012,2,4,11:00,,,,,,,,,,,,,,,,,,,,HIGH FALLS,ONTARIO
2012-02-04 12:00,2012,2,4,12:00,,,,,,,,,,,,,,,,,,,,HIGH FALLS,ONTARIO
2012-02-04 13:00,2012,2,4,13:00,,,,,,,,,,,,,,,,,,,,HIGH FALLS,ONTARIO
2012-02-04 14:00,2012,2,4,14:00,,,,,,,,,,,,,,,,,,,,HIGH FALLS,ONTARIO
2012-02-04 15:00,2012,2,4,15:00,,,,,,,,,,,,,,,,,,,,HIGH FALLS,ONTARIO
2012-02-04 16:00,2012,2,4,16:00,,,,,,,,,,,,,,,,,,,,HIGH FALLS,ONTARIO
2012-02-04 17:00,2012,2,4,17:00,,,,,,,,,,,,,,,,,,,,HIGH FALLS,ONTARIO
2012-02-04 18:00,2012,2,4,18:00,,,,,,,,,,,,,,,,,,,,HIGH FALLS,ONTARIO
2012-02-04 19:00,2012,2,4,19:00,,,,,,,,,,,,,,,,,,,,HIGH FALLS,ONTARIO
2012-02-04 20:00,2012,2,4,20:00,,,,,,,,,,,,,,,,,,,,HIGH FALLS,ONTARIO
2012-02-04 21:00,2012,2,4,21:00,,,,,,,,,,,,,,,,,,,,HIGH FALLS,ONTARIO
2012-02-04 22:00,2012,2,4,22:00,,,,,,,,,,,,,,,,,,,,HIGH FALLS,ONTARIO
2012-02-04 23:00,2012,2,4,23:00,,,,,,,,,,,,,,,,,,,,HIGH FALLS,ONTARIO
2012-02-05 00:00,2012,2,5,00:00,,,,,,,,,,,,,,,,,,,,HIGH FALLS,ONTARIO
2012-02-05 01:00,2012,2,5,01:00,,,,,,,,,,,,,,,,,,,,HIGH FALLS,ONTARIO
2012-02-05 02:00,2012,2,5,02:00,,,,,,,,,,,,,,,,,,,,HIGH FALLS,ONTARIO
2012-02-05 03:00,2012,2,5,03:00,,,,,,,,,,,,,,,,,,,,HIGH FALLS,ONTARIO
2012-02-05 04:00,2012,2,5,04:00,,,,,,,,,,,,,,,,,,,,HIGH FALLS,ONTARIO
2012-02-05 05:00,2012,2,5,05:00,,,,,,,,,,,,,,,,,,,,HIGH FALLS,ONTARIO
2012-02-05 06:00,2012,2,5,06:00,,,,,,,,,,,,,,,,,,,,HIGH FALLS,ONTARIO
2012-02-05 07:00,2012,2,5,07:00,,,,,,,,,,,,,,,,,,,,HIGH FALLS,ONTARIO
2012-02-05 08:00,2012,2,5,08:00,,,,,,,,,,,,,,,,,,,,HIGH FALLS,ONTARIO
2012-02-05 09:00,2012,2,5,09:00,,,,,,,,,,,,,,,,,,,,HIGH FALLS,ONTARIO
2012-02-05 10:00,2012,2,5,10:00,,,,,,,,,,,,,,,,,,,,HIGH FALLS,ONTARIO
2012-02-05 11:00,2012,2,5,11:00,,,,,,,,,,,,,,,,,,,,HIGH FALLS,ONTARIO
2012-02-05 12:00,2012,2,5,12:00,,,,,,,,,,,,,,,,,,,,HIGH FALLS,ONTARIO
2012-02-05 13:00,2012,2,5,13:00,,,,,,,,,,,,,,,,,,,,HIGH FALLS,ONTARIO
2012-02-05 14:00,2012,2,5,14:00,,,,,,,,,,,,,,,,,,,,HIGH FALLS,ONTARIO
2012-02-05 15:00,2012,2,5,15:00,,,,,,,,,,,,,,,,,,,,HIGH FALLS,ONTARIO
2012-02-05 16:00,2012,2,5,16:00,,,,,,,,,,,,,,,,,,,,HIGH FALLS,ONTARIO
2012-02-05 17:00,2012,2,5,17:00,,,,,,,,,,,,,,,,,,,,HIGH FALLS,ONTARIO
2012-02-05 18:00,2012,2,5,18:00,,,,,,,,,,,,,,,,,,,,HIGH FALLS,ONTARIO
2012-02-05 19:00,2012,2,5,19:00,,,,,,,,,,,,,,,,,,,,HIGH FALLS,ONTARIO
2012-02-05 20:00,2012,2,5,20:00,,,,,,,,,,,,,,,,,,,,HIGH FALLS,ONTARIO
2012-02-05 21:00,2012,2,5,21:00,,,,,,,,,,,,,,,,,,,,HIGH FALLS,ONTARIO
2012-02-05 22:00,2012,2,5,22:00,,,,,,,,,,,,,,,,,,,,HIGH FALLS,ONTARIO
2012-02-05 23:00,2012,2,5,23:00,,,,,,,,,,,,,,,,,,,,HIGH FALLS,ONTARIO
2012-02-06 00:00,2012,2,6,00:00,,,,,,,,,,,,,,,,,,,,HIGH FALLS,ONTARIO
2012-02-06 01:00,2012,2,6,01:00,,,,,,,,,,,,,,,,,,,,HIGH FALLS,ONTARIO
2012-02-06 02:00,2012,2,6,02:00,,,,,,,,,,,,,,,,,,,,HIGH FALLS,ONTARIO
2012-02-06 03:00,2012,2,6,03:00,,,,,,,,,,,,,,,,,,,,HIGH FALLS,ONTARIO
2012-02-06 04:00,2012,2,6,04:00,,,,,,,,,,,,,,,,,,,,HIGH FALLS,ONTARIO
2012-02-06 05:00,2012,2,6,05:00,,,,,,,,,,,,,,,,,,,,HIGH FALLS,ONTARIO
2012-02-06 06:00,2012,2,6,06:00,,,,,,,,,,,,,,,,,,,,HIGH FALLS,ONTARIO
2012-02-06 07:00,2012,2,6,07:00,,,,,,,,,,,,,,,,,,,,HIGH FALLS,ONTARIO
2012-02-06 08:00,2012,2,6,08:00,,,,,,,,,,,,,,,,,,,,HIGH FALLS,ONTARIO
2012-02-06 09:00,2012,2,6,09:00,,,,,,,,,,,,,,,,,,,,HIGH FALLS,ONTARIO
2012-02-06 10:00,2012,2,6,10:00,,,,,,,,,,,,,,,,,,,,HIGH FALLS,ONTARIO
2012-02-06 11:00,2012,2,6,11:00,,,,,,,,,,,,,,,,,,,,HIGH FALLS,ONTARIO
2012-02-06 12:00,2012,2,6,12:00,,,,,,,,,,,,,,,,,,,,HIGH FALLS,ONTARIO
2012-02-06 13:00,2012,2,6,13:00,,,,,,,,,,,,,,,,,,,,HIGH FALLS,ONTARIO
2012-02-06 14:00,2012,2,6,14:00,,,,,,,,,,,,,,,,,,,,HIGH FALLS,ONTARIO
2012-02-06 15:00,2012,2,6,15:00,,,,,,,,,,,,,,,,,,,,HIGH FALLS,ONTARIO
2012-02-06 16:00,2012,2,6,16:00,,,,,,,,,,,,,,,,,,,,HIGH FALLS,ONTARIO
2012-02-06 17:00,2012,2,6,17:00,,,,,,,,,,,,,,,,,,,,HIGH FALLS,ONTARIO
2012-02-06 18:00,2012,2,6,18:00,,,,,,,,,,,,,,,,,,,,HIGH FALLS,ONTARIO
2012-02-06 19:00,2012,2,6,19:00,,,,,,,,,,,,,,,,,,,,HIGH FALLS,ONTARIO
2012-02-06 20:00,2012,2,6,20:00,,,,,,,,,,,,,,,,,,,,HIGH FALLS,ONTARIO
2012-02-06 21:00,2012,2,6,21:00,,,,,,,,,,,,,,,,,,,,HIGH FALLS,ONTARIO
2012-02-06 22:00,2012,2,6,22:00,,,,,,,,,,,,,,,,,,,,HIGH FALLS,ONTARIO
2012-02-06 23:00,2012,2,6,23:00,,,,,,,,,,,,,,,,,,,,HIGH FALLS,ONTARIO
2012-02-07 00:00,2012,2,7,00:00,,,,,,,,,,,,,,,,,,,,HIGH FALLS,ONTARIO
2012-02-07 01:00,2012,2,7,01:00,,,,,,,,,,,,,,,,,,,,HIGH FALLS,ONTARIO
2012-02-07 02:00,2012,2,7,02:00,,,,,,,,,,,,,,,,,,,,HIGH FALLS,ONTARIO
2012-02-07 03:00,2012,2,7,03:00,,,,,,,,,,,,,,,,,,,,HIGH FALLS,ONTARIO
2012-02-07 04:00,2012,2,7,04:00,,,,,,,,,,,,,,,,,,,,HIGH FALLS,ONTARIO
2012-02-07 05:00,2012,2,7,05:00,,,,,,,,,,,,,,,,,,,,HIGH FALLS,ONTARIO
2012-02-07 06:00,2012,2,7,06:00,,,,,,,,,,,,,,,,,,,,HIGH FALLS,ONTARIO
2012-02-07 07:00,2012,2,7,07:00,,,,,,,,,,,,,,,,,,,,HIGH FALLS,ONTARIO
2012-02-07 08:00,2012,2,7,08:00,,,,,,,,,,,,,,,,,,,,HIGH FALLS,ONTARIO
2012-02-07 09:00,2012,2,7,09:00,,,,,,,,,,,,,,,,,,,,HIGH FALLS,ONTARIO
2012-02-07 10:00,2012,2,7,10:00,,,,,,,,,,,,,,,,,,,,HIGH FALLS,ONTARIO
2012-02-07 11:00,2012,2,7,11:00,,,,,,,,,,,,,,,,,,,,HIGH FALLS,ONTARIO
2012-02-07 12:00,2012,2,7,12:00,,,,,,,,,,,,,,,,,,,,HIGH FALLS,ONTARIO
2012-02-07 13:00,2012,2,7,13:00,,,,,,,,,,,,,,,,,,,,HIGH FALLS,ONTARIO
2012-02-07 14:00,2012,2,7,14:00,,,,,,,,,,,,,,,,,,,,HIGH FALLS,ONTARIO
2012-02-07 15:00,2012,2,7,15:00,,,,,,,,,,,,,,,,,,,,HIGH FALLS,ONTARIO
2012-02-07 16:00,2012,2,7,16:00,,,,,,,,,,,,,,,,,,,,HIGH FALLS,ONTARIO
2012-02-07 17:00,2012,2,7,17:00,,,,,,,,,,,,,,,,,,,,HIGH FALLS,ONTARIO
2012-02-07 18:00,2012,2,7,18:00,,,,,,,,,,,,,,,,,,,,HIGH FALLS,ONTARIO
2012-02-07 19:00,2012,2,7,19:00,,,,,,,,,,,,,,,,,,,,HIGH FALLS,ONTARIO
2012-02-07 20:00,2012,2,7,20:00,,,,,,,,,,,,,,,,,,,,HIGH FALLS,ONTARIO
2012-02-07 21:00,2012,2,7,21:00,,,,,,,,,,,,,,,,,,,,HIGH FALLS,ONTARIO
2012-02-07 22:00,2012,2,7,22:00,,,,,,,,,,,,,,,,,,,,HIGH FALLS,ONTARIO
2012-02-07 23:00,2012,2,7,23:00,,,,,,,,,,,,,,,,,,,,HIGH FALLS,ONTARIO
2012-02-08 00:00,2012,2,8,00:00,,,,,,,,,,,,,,,,,,,,HIGH FALLS,ONTARIO
2012-02-08 01:00,2012,2,8,01:00,,,,,,,,,,,,,,,,,,,,HIGH FALLS,ONTARIO
2012-02-08 02:00,2012,2,8,02:00,,,,,,,,,,,,,,,,,,,,HIGH FALLS,ONTARIO
2012-02-08 03:00,2012,2,8,03:00,,,,,,,,,,,,,,,,,,,,HIGH FALLS,ONTARIO
2012-02-08 04:00,2012,2,8,04:00,,,,,,,,,,,,,,,,,,,,HIGH FALLS,ONTARIO
2012-02-08 05:00,2012,2,8,05:00,,,,,,,,,,,,,,,,,,,,HIGH FALLS,ONTARIO
2012-02-08 06:00,2012,2,8,06:00,,,,,,,,,,,,,,,,,,,,HIGH FALLS,ONTARIO
2012-02-08 07:00,2012,2,8,07:00,,,,,,,,,,,,,,,,,,,,HIGH FALLS,ONTARIO
2012-02-08 08:00,2012,2,8,08:00,,,,,,,,,,,,,,,,,,,,HIGH FALLS,ONTARIO
2012-02-08 09:00,2012,2,8,09:00,,,,,,,,,,,,,,,,,,,,HIGH FALLS,ONTARIO
2012-02-08 10:00,2012,2,8,10:00,,,,,,,,,,,,,,,,,,,,HIGH FALLS,ONTARIO
2012-02-08 11:00,2012,2,8,11:00,,,,,,,,,,,,,,,,,,,,HIGH FALLS,ONTARIO
2012-02-08 12:00,2012,2,8,12:00,,,,,,,,,,,,,,,,,,,,HIGH FALLS,ONTARIO
2012-02-08 13:00,2012,2,8,13:00,,,,,,,,,,,,,,,,,,,,HIGH FALLS,ONTARIO
2012-02-08 14:00,2012,2,8,14:00,,,,,,,,,,,,,,,,,,,,HIGH FALLS,ONTARIO
2012-02-08 15:00,2012,2,8,15:00,,,,,,,,,,,,,,,,,,,,HIGH FALLS,ONTARIO
2012-02-08 16:00,2012,2,8,16:00,,,,,,,,,,,,,,,,,,,,HIGH FALLS,ONTARIO
2012-02-08 17:00,2012,2,8,17:00,,,,,,,,,,,,,,,,,,,,HIGH FALLS,ONTARIO
2012-02-08 18:00,2012,2,8,18:00,,,,,,,,,,,,,,,,,,,,HIGH FALLS,ONTARIO
2012-02-08 19:00,2012,2,8,19:00,,,,,,,,,,,,,,,,,,,,HIGH FALLS,ONTARIO
2012-02-08 20:00,2012,2,8,20:00,,,,,,,,,,,,,,,,,,,,HIGH FALLS,ONTARIO
2012-02-08 21:00,2012,2,8,21:00,,,,,,,,,,,,,,,,,,,,HIGH FALLS,ONTARIO
2012-02-08 22:00,2012,2,8,22:00,,,,,,,,,,,,,,,,,,,,HIGH FALLS,ONTARIO
2012-02-08 23:00,2012,2,8,23:00,,,,,,,,,,,,,,,,,,,,HIGH FALLS,ONTARIO
2012-02-09 00:00,2012,2,9,00:00,,,,,,,,,,,,,,,,,,,,HIGH FALLS,ONTARIO
2012-02-09 01:00,2012,2,9,01:00,,,,,,,,,,,,,,,,,,,,HIGH FALLS,ONTARIO
2012-02-09 02:00,2012,2,9,02:00,,,,,,,,,,,,,,,,,,,,HIGH FALLS,ONTARIO
2012-02-09 03:00,2012,2,9,03:00,,,,,,,,,,,,,,,,,,,,HIGH FALLS,ONTARIO
2012-02-09 04:00,2012,2,9,04:00,,,,,,,,,,,,,,,,,,,,HIGH FALLS,ONTARIO
2012-02-09 05:00,2012,2,9,05:00,,,,,,,,,,,,,,,,,,,,HIGH FALLS,ONTARIO
2012-02-09 06:00,2012,2,9,06:00,,,,,,,,,,,,,,,,,,,,HIGH FALLS,ONTARIO
2012-02-09 07:00,2012,2,9,07:00,,,,,,,,,,,,,,,,,,,,HIGH FALLS,ONTARIO
2012-02-09 08:00,2012,2,9,08:00,,,,,,,,,,,,,,,,,,,,HIGH FALLS,ONTARIO
2012-02-09 09:00,2012,2,9,09:00,,,,,,,,,,,,,,,,,,,,HIGH FALLS,ONTARIO
2012-02-09 10:00,2012,2,9,10:00,,,,,,,,,,,,,,,,,,,,HIGH FALLS,ONTARIO
2012-02-09 11:00,2012,2,9,11:00,,,,,,,,,,,,,,,,,,,,HIGH FALLS,ONTARIO
2012-02-09 12:00,2012,2,9,12:00,,,,,,,,,,,,,,,,,,,,HIGH FALLS,ONTARIO
2012-02-09 13:00,2012,2,9,13:00,,,,,,,,,,,,,,,,,,,,HIGH FALLS,ONTARIO
2012-02-09 14:00,2012,2,9,14:00,,,,,,,,,,,,,,,,,,,,HIGH FALLS,ONTARIO
2012-02-09 15:00,2012,2,9,15:00,,,,,,,,,,,,,,,,,,,,HIGH FALLS,ONTARIO
2012-02-09 16:00,2012,2,9,16:00,,,,,,,,,,,,,,,,,,,,HIGH FALLS,ONTARIO
2012-02-09 17:00,2012,2,9,17:00,,,,,,,,,,,,,,,,,,,,HIGH FALLS,ONTARIO
2012-02-09 18:00,2012,2,9,18:00,,,,,,,,,,,,,,,,,,,,HIGH FALLS,ONTARIO
2012-02-09 19:00,2012,2,9,19:00,,,,,,,,,,,,,,,,,,,,HIGH FALLS,ONTARIO
2012-02-09 20:00,2012,2,9,20:00,,,,,,,,,,,,,,,,,,,,HIGH FALLS,ONTARIO
2012-02-09 21:00,2012,2,9,21:00,,,,,,,,,,,,,,,,,,,,HIGH FALLS,ONTARIO
2012-02-09 22:00,2012,2,9,22:00,,,,,,,,,,,,,,,,,,,,HIGH FALLS,ONTARIO
2012-02-09 23:00,2012,2,9,23:00,,,,,,,,,,,,,,,,,,,,HIGH FALLS,ONTARIO
2012-02-10 00:00,2012,2,10,00:00,,,,,,,,,,,,,,,,,,,,HIGH FALLS,ONTARIO
2012-02-10 01:00,2012,2,10,01:00,,,,,,,,,,,,,,,,,,,,HIGH FALLS,ONTARIO
2012-02-10 02:00,2012,2,10,02:00,,,,,,,,,,,,,,,,,,,,HIGH FALLS,ONTARIO
2012-02-10 03:00,2012,2,10,03:00,,,,,,,,,,,,,,,,,,,,HIGH FALLS,ONTARIO
2012-02-10 04:00,2012,2,10,04:00,,,,,,,,,,,,,,,,,,,,HIGH FALLS,ONTARIO
2012-02-10 05:00,2012,2,10,05:00,,,,,,,,,,,,,,,,,,,,HIGH FALLS,ONTARIO
2012-02-10 06:00,2012,2,10,06:00,,,,,,,,,,,,,,,,,,,,HIGH FALLS,ONTARIO
2012-02-10 07:00,2012,2,10,07:00,,,,,,,,,,,,,,,,,,,,HIGH FALLS,ONTARIO
2012-02-10 08:00,2012,2,10,08:00,,,,,,,,,,,,,,,,,,,,HIGH FALLS,ONTARIO
2012-02-10 09:00,2012,2,10,09:00,,,,,,,,,,,,,,,,,,,,HIGH FALLS,ONTARIO
2012-02-10 10:00,2012,2,10,10:00,,,,,,,,,,,,,,,,,,,,HIGH FALLS,ONTARIO
2012-02-10 11:00,2012,2,10,11:00,,,,,,,,,,,,,,,,,,,,HIGH FALLS,ONTARIO
2012-02-10 12:00,2012,2,10,12:00,,,,,,,,,,,,,,,,,,,,HIGH FALLS,ONTARIO
2012-02-10 13:00,2012,2,10,13:00,,,,,,,,,,,,,,,,,,,,HIGH FALLS,ONTARIO
2012-02-10 14:00,2012,2,10,14:00,,,,,,,,,,,,,,,,,,,,HIGH FALLS,ONTARIO
2012-02-10 15:00,2012,2,10,15:00,,,,,,,,,,,,,,,,,,,,HIGH FALLS,ONTARIO
2012-02-10 16:00,2012,2,10,16:00,,,,,,,,,,,,,,,,,,,,HIGH FALLS,ONTARIO
2012-02-10 17:00,2012,2,10,17:00,,,,,,,,,,,,,,,,,,,,HIGH FALLS,ONTARIO
2012-02-10 18:00,2012,2,10,18:00,,,,,,,,,,,,,,,,,,,,HIGH FALLS,ONTARIO
2012-02-10 19:00,2012,2,10,19:00,,,,,,,,,,,,,,,,,,,,HIGH FALLS,ONTARIO
2012-02-10 20:00,2012,2,10,20:00,,,,,,,,,,,,,,,,,,,,HIGH FALLS,ONTARIO
2012-02-10 21:00,2012,2,10,21:00,,,,,,,,,,,,,,,,,,,,HIGH FALLS,ONTARIO
2012-02-10 22:00,2012,2,10,22:00,,,,,,,,,,,,,,,,,,,,HIGH FALLS,ONTARIO
2012-02-10 23:00,2012,2,10,23:00,,,,,,,,,,,,,,,,,,,,HIGH FALLS,ONTARIO
2012-02-11 00:00,2012,2,11,00:00,,,,,,,,,,,,,,,,,,,,HIGH FALLS,ONTARIO
2012-02-11 01:00,2012,2,11,01:00,,,,,,,,,,,,,,,,,,,,HIGH FALLS,ONTARIO
2012-02-11 02:00,2012,2,11,02:00,,,,,,,,,,,,,,,,,,,,HIGH FALLS,ONTARIO
2012-02-11 03:00,2012,2,11,03:00,,,,,,,,,,,,,,,,,,,,HIGH FALLS,ONTARIO
2012-02-11 04:00,2012,2,11,04:00,,,,,,,,,,,,,,,,,,,,HIGH FALLS,ONTARIO
2012-02-11 05:00,2012,2,11,05:00,,,,,,,,,,,,,,,,,,,,HIGH FALLS,ONTARIO
2012-02-11 06:00,2012,2,11,06:00,,,,,,,,,,,,,,,,,,,,HIGH FALLS,ONTARIO
2012-02-11 07:00,2012,2,11,07:00,,,,,,,,,,,,,,,,,,,,HIGH FALLS,ONTARIO
2012-02-11 08:00,2012,2,11,08:00,,,,,,,,,,,,,,,,,,,,HIGH FALLS,ONTARIO
2012-02-11 09:00,2012,2,11,09:00,,,,,,,,,,,,,,,,,,,,HIGH FALLS,ONTARIO
2012-02-11 10:00,2012,2,11,10:00,,,,,,,,,,,,,,,,,,,,HIGH FALLS,ONTARIO
2012-02-11 11:00,2012,2,11,11:00,,,,,,,,,,,,,,,,,,,,HIGH FALLS,ONTARIO
2012-02-11 12:00,2012,2,11,12:00,,,,,,,,,,,,,,,,,,,,HIGH FALLS,ONTARIO
2012-02-11 13:00,2012,2,11,13:00,,,,,,,,,,,,,,,,,,,,HIGH FALLS,ONTARIO
2012-02-11 14:00,2012,2,11,14:00,,,,,,,,,,,,,,,,,,,,HIGH FALLS,ONTARIO
2012-02-11 15:00,2012,2,11,15:00,,,,,,,,,,,,,,,,,,,,HIGH FALLS,ONTARIO
2012-02-11 16:00,2012,2,11,16:00,,,,,,,,,,,,,,,,,,,,HIGH FALLS,ONTARIO
2012-02-11 17:00,2012,2,11,17:00,,,,,,,,,,,,,,,,,,,,HIGH FALLS,ONTARIO
2012-02-11 18:00,2012,2,11,18:00,,,,,,,,,,,,,,,,,,,,HIGH FALLS,ONTARIO
2012-02-11 19:00,2012,2,11,19:00,,,,,,,,,,,,,,,,,,,,HIGH FALLS,ONTARIO
2012-02-11 20:00,2012,2,11,20:00,,,,,,,,,,,,,,,,,,,,HIGH FALLS,ONTARIO
2012-02-11 21:00,2012,2,11,21:00,,,,,,,,,,,,,,,,,,,,HIGH FALLS,ONTARIO
2012-02-11 22:00,2012,2,11,22:00,,,,,,,,,,,,,,,,,,,,HIGH FALLS,ONTARIO
2012-02-11 23:00,2012,2,11,23:00,,,,,,,,,,,,,,,,,,,,HIGH FALLS,ONTARIO
2012-02-12 00:00,2012,2,12,00:00,,,,,,,,,,,,,,,,,,,,HIGH FALLS,ONTARIO
2012-02-12 01:00,2012,2,12,01:00,,,,,,,,,,,,,,,,,,,,HIGH FALLS,ONTARIO
2012-02-12 02:00,2012,2,12,02:00,,,,,,,,,,,,,,,,,,,,HIGH FALLS,ONTARIO
2012-02-12 03:00,2012,2,12,03:00,,,,,,,,,,,,,,,,,,,,HIGH FALLS,ONTARIO
2012-02-12 04:00,2012,2,12,04:00,,,,,,,,,,,,,,,,,,,,HIGH FALLS,ONTARIO
2012-02-12 05:00,2012,2,12,05:00,,,,,,,,,,,,,,,,,,,,HIGH FALLS,ONTARIO
2012-02-12 06:00,2012,2,12,06:00,,,,,,,,,,,,,,,,,,,,HIGH FALLS,ONTARIO
2012-02-12 07:00,2012,2,12,07:00,,,,,,,,,,,,,,,,,,,,HIGH FALLS,ONTARIO
2012-02-12 08:00,2012,2,12,08:00,,,,,,,,,,,,,,,,,,,,HIGH FALLS,ONTARIO
2012-02-12 09:00,2012,2,12,09:00,,,,,,,,,,,,,,,,,,,,HIGH FALLS,ONTARIO
2012-02-12 10:00,2012,2,12,10:00,,,,,,,,,,,,,,,,,,,,HIGH FALLS,ONTARIO
2012-02-12 11:00,2012,2,12,11:00,,,,,,,,,,,,,,,,,,,,HIGH FALLS,ONTARIO
2012-02-12 12:00,2012,2,12,12:00,,,,,,,,,,,,,,,,,,,,HIGH FALLS,ONTARIO
2012-02-12 13:00,2012,2,12,13:00,,,,,,,,,,,,,,,,,,,,HIGH FALLS,ONTARIO
2012-02-12 14:00,2012,2,12,14:00,,,,,,,,,,,,,,,,,,,,HIGH FALLS,ONTARIO
2012-02-12 15:00,2012,2,12,15:00,,,,,,,,,,,,,,,,,,,,HIGH FALLS,ONTARIO
2012-02-12 16:00,2012,2,12,16:00,,,,,,,,,,,,,,,,,,,,HIGH FALLS,ONTARIO
2012-02-12 17:00,2012,2,12,17:00,,,,,,,,,,,,,,,,,,,,HIGH FALLS,ONTARIO
2012-02-12 18:00,2012,2,12,18:00,,,,,,,,,,,,,,,,,,,,HIGH FALLS,ONTARIO
2012-02-12 19:00,2012,2,12,19:00,,,,,,,,,,,,,,,,,,,,HIGH FALLS,ONTARIO
2012-02-12 20:00,2012,2,12,20:00,,,,,,,,,,,,,,,,,,,,HIGH FALLS,ONTARIO
2012-02-12 21:00,2012,2,12,21:00,,,,,,,,,,,,,,,,,,,,HIGH FALLS,ONTARIO
2012-02-12 22:00,2012,2,12,22:00,,,,,,,,,,,,,,,,,,,,HIGH FALLS,ONTARIO
2012-02-12 23:00,2012,2,12,23:00,,,,,,,,,,,,,,,,,,,,HIGH FALLS,ONTARIO
2012-02-13 00:00,2012,2,13,00:00,,,,,,,,,,,,,,,,,,,,HIGH FALLS,ONTARIO
2012-02-13 01:00,2012,2,13,01:00,,,,,,,,,,,,,,,,,,,,HIGH FALLS,ONTARIO
2012-02-13 02:00,2012,2,13,02:00,,,,,,,,,,,,,,,,,,,,HIGH FALLS,ONTARIO
2012-02-13 03:00,2012,2,13,03:00,,,,,,,,,,,,,,,,,,,,HIGH FALLS,ONTARIO
2012-02-13 04:00,2012,2,13,04:00,,,,,,,,,,,,,,,,,,,,HIGH FALLS,ONTARIO
2012-02-13 05:00,2012,2,13,05:00,,,,,,,,,,,,,,,,,,,,HIGH FALLS,ONTARIO
2012-02-13 06:00,2012,2,13,06:00,,,,,,,,,,,,,,,,,,,,HIGH FALLS,ONTARIO
2012-02-13 07:00,2012,2,13,07:00,,,,,,,,,,,,,,,,,,,,HIGH FALLS,ONTARIO
2012-02-13 08:00,2012,2,13,08:00,,,,,,,,,,,,,,,,,,,,HIGH FALLS,ONTARIO
2012-02-13 09:00,2012,2,13,09:00,,,,,,,,,,,,,,,,,,,,HIGH FALLS,ONTARIO
2012-02-13 10:00,2012,2,13,10:00,,,,,,,,,,,,,,,,,,,,HIGH FALLS,ONTARIO
2012-02-13 11:00,2012,2,13,11:00,,,,,,,,,,,,,,,,,,,,HIGH FALLS,ONTARIO
2012-02-13 12:00,2012,2,13,12:00,,,,,,,,,,,,,,,,,,,,HIGH FALLS,ONTARIO
2012-02-13 13:00,2012,2,13,13:00,,,,,,,,,,,,,,,,,,,,HIGH FALLS,ONTARIO
2012-02-13 14:00,2012,2,13,14:00,,,,,,,,,,,,,,,,,,,,HIGH FALLS,ONTARIO
2012-02-13 15:00,2012,2,13,15:00,,,,,,,,,,,,,,,,,,,,HIGH FALLS,ONTARIO
2012-02-13 16:00,2012,2,13,16:00,,,,,,,,,,,,,,,,,,,,HIGH FALLS,ONTARIO
2012-02-13 17:00,2012,2,13,17:00,,,,,,,,,,,,,,,,,,,,HIGH FALLS,ONTARIO
2012-02-13 18:00,2012,2,13,18:00,,,,,,,,,,,,,,,,,,,,HIGH FALLS,ONTARIO
2012-02-13 19:00,2012,2,13,19:00,,,,,,,,,,,,,,,,,,,,HIGH FALLS,ONTARIO
2012-02-13 20:00,2012,2,13,20:00,,,,,,,,,,,,,,,,,,,,HIGH FALLS,ONTARIO
2012-02-13 21:00,2012,2,13,21:00,,,,,,,,,,,,,,,,,,,,HIGH FALLS,ONTARIO
2012-02-13 22:00,2012,2,13,22:00,,,,,,,,,,,,,,,,,,,,HIGH FALLS,ONTARIO
2012-02-13 23:00,2012,2,13,23:00,,,,,,,,,,,,,,,,,,,,HIGH FALLS,ONTARIO
2012-02-14 00:00,2012,2,14,00:00,,,,,,,,,,,,,,,,,,,,HIGH FALLS,ONTARIO
2012-02-14 01:00,2012,2,14,01:00,,,,,,,,,,,,,,,,,,,,HIGH FALLS,ONTARIO
2012-02-14 02:00,2012,2,14,02:00,,,,,,,,,,,,,,,,,,,,HIGH FALLS,ONTARIO
2012-02-14 03:00,2012,2,14,03:00,,,,,,,,,,,,,,,,,,,,HIGH FALLS,ONTARIO
2012-02-14 04:00,2012,2,14,04:00,,,,,,,,,,,,,,,,,,,,HIGH FALLS,ONTARIO
2012-02-14 05:00,2012,2,14,05:00,,,,,,,,,,,,,,,,,,,,HIGH FALLS,ONTARIO
2012-02-14 06:00,2012,2,14,06:00,,,,,,,,,,,,,,,,,,,,HIGH FALLS,ONTARIO
2012-02-14 07:00,2012,2,14,07:00,,,,,,,,,,,,,,,,,,,,HIGH FALLS,ONTARIO
2012-02-14 08:00,2012,2,14,08:00,,,,,,,,,,,,,,,,,,,,HIGH FALLS,ONTARIO
2012-02-14 09:00,2012,2,14,09:00,,,,,,,,,,,,,,,,,,,,HIGH FALLS,ONTARIO
2012-02-14 10:00,2012,2,14,10:00,,,,,,,,,,,,,,,,,,,,HIGH FALLS,ONTARIO
2012-02-14 11:00,2012,2,14,11:00,,,,,,,,,,,,,,,,,,,,HIGH FALLS,ONTARIO
2012-02-14 12:00,2012,2,14,12:00,,,,,,,,,,,,,,,,,,,,HIGH FALLS,ONTARIO
2012-02-14 13:00,2012,2,14,13:00,,,,,,,,,,,,,,,,,,,,HIGH FALLS,ONTARIO
2012-02-14 14:00,2012,2,14,14:00,,,,,,,,,,,,,,,,,,,,HIGH FALLS,ONTARIO
2012-02-14 15:00,2012,2,14,15:00,,,,,,,,,,,,,,,,,,,,HIGH FALLS,ONTARIO
2012-02-14 16:00,2012,2,14,16:00,,,,,,,,,,,,,,,,,,,,HIGH FALLS,ONTARIO
2012-02-14 17:00,2012,2,14,17:00,,,,,,,,,,,,,,,,,,,,HIGH FALLS,ONTARIO
2012-02-14 18:00,2012,2,14,18:00,,,,,,,,,,,,,,,,,,,,HIGH FALLS,ONTARIO
2012-02-14 19:00,2012,2,14,19:00,,,,,,,,,,,,,,,,,,,,HIGH FALLS,ONTARIO
2012-02-14 20:00,2012,2,14,20:00,,,,,,,,,,,,,,,,,,,,HIGH FALLS,ONTARIO
2012-02-14 21:00,2012,2,14,21:00,,,,,,,,,,,,,,,,,,,,HIGH FALLS,ONTARIO
2012-02-14 22:00,2012,2,14,22:00,,,,,,,,,,,,,,,,,,,,HIGH FALLS,ONTARIO
2012-02-14 23:00,2012,2,14,23:00,,,,,,,,,,,,,,,,,,,,HIGH FALLS,ONTARIO
2012-02-15 00:00,2012,2,15,00:00,,,,,,,,,,,,,,,,,,,,HIGH FALLS,ONTARIO
2012-02-15 01:00,2012,2,15,01:00,,,,,,,,,,,,,,,,,,,,HIGH FALLS,ONTARIO
2012-02-15 02:00,2012,2,15,02:00,,,,,,,,,,,,,,,,,,,,HIGH FALLS,ONTARIO
2012-02-15 03:00,2012,2,15,03:00,,,,,,,,,,,,,,,,,,,,HIGH FALLS,ONTARIO
2012-02-15 04:00,2012,2,15,04:00,,,,,,,,,,,,,,,,,,,,HIGH FALLS,ONTARIO
2012-02-15 05:00,2012,2,15,05:00,,,,,,,,,,,,,,,,,,,,HIGH FALLS,ONTARIO
2012-02-15 06:00,2012,2,15,06:00,,,,,,,,,,,,,,,,,,,,HIGH FALLS,ONTARIO
2012-02-15 07:00,2012,2,15,07:00,,,,,,,,,,,,,,,,,,,,HIGH FALLS,ONTARIO
2012-02-15 08:00,2012,2,15,08:00,,,,,,,,,,,,,,,,,,,,HIGH FALLS,ONTARIO
2012-02-15 09:00,2012,2,15,09:00,,,,,,,,,,,,,,,,,,,,HIGH FALLS,ONTARIO
2012-02-15 10:00,2012,2,15,10:00,,,,,,,,,,,,,,,,,,,,HIGH FALLS,ONTARIO
2012-02-15 11:00,2012,2,15,11:00,,,,,,,,,,,,,,,,,,,,HIGH FALLS,ONTARIO
2012-02-15 12:00,2012,2,15,12:00,,,,,,,,,,,,,,,,,,,,HIGH FALLS,ONTARIO
2012-02-15 13:00,2012,2,15,13:00,,,,,,,,,,,,,,,,,,,,HIGH FALLS,ONTARIO
2012-02-15 14:00,2012,2,15,14:00,,,,,,,,,,,,,,,,,,,,HIGH FALLS,ONTARIO
2012-02-15 15:00,2012,2,15,15:00,,,,,,,,,,,,,,,,,,,,HIGH FALLS,ONTARIO
2012-02-15 16:00,2012,2,15,16:00,,,,,,,,,,,,,,,,,,,,HIGH FALLS,ONTARIO
2012-02-15 17:00,2012,2,15,17:00,,,,,,,,,,,,,,,,,,,,HIGH FALLS,ONTARIO
2012-02-15 18:00,2012,2,15,18:00,,,,,,,,,,,,,,,,,,,,HIGH FALLS,ONTARIO
2012-02-15 19:00,2012,2,15,19:00,,,,,,,,,,,,,,,,,,,,HIGH FALLS,ONTARIO
2012-02-15 20:00,2012,2,15,20:00,,,,,,,,,,,,,,,,,,,,HIGH FALLS,ONTARIO
2012-02-15 21:00,2012,2,15,21:00,,,,,,,,,,,,,,,,,,,,HIGH FALLS,ONTARIO
2012-02-15 22:00,2012,2,15,22:00,,,,,,,,,,,,,,,,,,,,HIGH FALLS,ONTARIO
2012-02-15 23:00,2012,2,15,23:00,,,,,,,,,,,,,,,,,,,,HIGH FALLS,ONTARIO
2012-02-16 00:00,2012,2,16,00:00,,,,,,,,,,,,,,,,,,,,HIGH FALLS,ONTARIO
2012-02-16 01:00,2012,2,16,01:00,,,,,,,,,,,,,,,,,,,,HIGH FALLS,ONTARIO
2012-02-16 02:00,2012,2,16,02:00,,,,,,,,,,,,,,,,,,,,HIGH FALLS,ONTARIO
2012-02-16 03:00,2012,2,16,03:00,,,,,,,,,,,,,,,,,,,,HIGH FALLS,ONTARIO
2012-02-16 04:00,2012,2,16,04:00,,,,,,,,,,,,,,,,,,,,HIGH FALLS,ONTARIO
2012-02-16 05:00,2012,2,16,05:00,,,,,,,,,,,,,,,,,,,,HIGH FALLS,ONTARIO
2012-02-16 06:00,2012,2,16,06:00,,,,,,,,,,,,,,,,,,,,HIGH FALLS,ONTARIO
2012-02-16 07:00,2012,2,16,07:00,,,,,,,,,,,,,,,,,,,,HIGH FALLS,ONTARIO
2012-02-16 08:00,2012,2,16,08:00,,,,,,,,,,,,,,,,,,,,HIGH FALLS,ONTARIO
2012-02-16 09:00,2012,2,16,09:00,,,,,,,,,,,,,,,,,,,,HIGH FALLS,ONTARIO
2012-02-16 10:00,2012,2,16,10:00,,,,,,,,,,,,,,,,,,,,HIGH FALLS,ONTARIO
2012-02-16 11:00,2012,2,16,11:00,,,,,,,,,,,,,,,,,,,,HIGH FALLS,ONTARIO
2012-02-16 12:00,2012,2,16,12:00,,,,,,,,,,,,,,,,,,,,HIGH FALLS,ONTARIO
2012-02-16 13:00,2012,2,16,13:00,,,,,,,,,,,,,,,,,,,,HIGH FALLS,ONTARIO
2012-02-16 14:00,2012,2,16,14:00,,,,,,,,,,,,,,,,,,,,HIGH FALLS,ONTARIO
2012-02-16 15:00,2012,2,16,15:00,,,,,,,,,,,,,,,,,,,,HIGH FALLS,ONTARIO
2012-02-16 16:00,2012,2,16,16:00,,,,,,,,,,,,,,,,,,,,HIGH FALLS,ONTARIO
2012-02-16 17:00,2012,2,16,17:00,,,,,,,,,,,,,,,,,,,,HIGH FALLS,ONTARIO
2012-02-16 18:00,2012,2,16,18:00,,,,,,,,,,,,,,,,,,,,HIGH FALLS,ONTARIO
2012-02-16 19:00,2012,2,16,19:00,,,,,,,,,,,,,,,,,,,,HIGH FALLS,ONTARIO
2012-02-16 20:00,2012,2,16,20:00,,,,,,,,,,,,,,,,,,,,HIGH FALLS,ONTARIO
2012-02-16 21:00,2012,2,16,21:00,,,,,,,,,,,,,,,,,,,,HIGH FALLS,ONTARIO
2012-02-16 22:00,2012,2,16,22:00,,,,,,,,,,,,,,,,,,,,HIGH FALLS,ONTARIO
2012-02-16 23:00,2012,2,16,23:00,,,,,,,,,,,,,,,,,,,,HIGH FALLS,ONTARIO
2012-02-17 00:00,2012,2,17,00:00,,,,,,,,,,,,,,,,,,,,HIGH FALLS,ONTARIO
2012-02-17 01:00,2012,2,17,01:00,,,,,,,,,,,,,,,,,,,,HIGH FALLS,ONTARIO
2012-02-17 02:00,2012,2,17,02:00,,,,,,,,,,,,,,,,,,,,HIGH FALLS,ONTARIO
2012-02-17 03:00,2012,2,17,03:00,,,,,,,,,,,,,,,,,,,,HIGH FALLS,ONTARIO
2012-02-17 04:00,2012,2,17,04:00,,,,,,,,,,,,,,,,,,,,HIGH FALLS,ONTARIO
2012-02-17 05:00,2012,2,17,05:00,,,,,,,,,,,,,,,,,,,,HIGH FALLS,ONTARIO
2012-02-17 06:00,2012,2,17,06:00,,,,,,,,,,,,,,,,,,,,HIGH FALLS,ONTARIO
2012-02-17 07:00,2012,2,17,07:00,,,,,,,,,,,,,,,,,,,,HIGH FALLS,ONTARIO
2012-02-17 08:00,2012,2,17,08:00,,,,,,,,,,,,,,,,,,,,HIGH FALLS,ONTARIO
2012-02-17 09:00,2012,2,17,09:00,,,,,,,,,,,,,,,,,,,,HIGH FALLS,ONTARIO
2012-02-17 10:00,2012,2,17,10:00,,,,,,,,,,,,,,,,,,,,HIGH FALLS,ONTARIO
2012-02-17 11:00,2012,2,17,11:00,,,,,,,,,,,,,,,,,,,,HIGH FALLS,ONTARIO
2012-02-17 12:00,2012,2,17,12:00,,,,,,,,,,,,,,,,,,,,HIGH FALLS,ONTARIO
2012-02-17 13:00,2012,2,17,13:00,,,,,,,,,,,,,,,,,,,,HIGH FALLS,ONTARIO
2012-02-17 14:00,2012,2,17,14:00,,,,,,,,,,,,,,,,,,,,HIGH FALLS,ONTARIO
2012-02-17 15:00,2012,2,17,15:00,,,,,,,,,,,,,,,,,,,,HIGH FALLS,ONTARIO
2012-02-17 16:00,2012,2,17,16:00,,,,,,,,,,,,,,,,,,,,HIGH FALLS,ONTARIO
2012-02-17 17:00,2012,2,17,17:00,,,,,,,,,,,,,,,,,,,,HIGH FALLS,ONTARIO
2012-02-17 18:00,2012,2,17,18:00,,,,,,,,,,,,,,,,,,,,HIGH FALLS,ONTARIO
2012-02-17 19:00,2012,2,17,19:00,,,,,,,,,,,,,,,,,,,,HIGH FALLS,ONTARIO
2012-02-17 20:00,2012,2,17,20:00,,,,,,,,,,,,,,,,,,,,HIGH FALLS,ONTARIO
2012-02-17 21:00,2012,2,17,21:00,,,,,,,,,,,,,,,,,,,,HIGH FALLS,ONTARIO
2012-02-17 22:00,2012,2,17,22:00,,,,,,,,,,,,,,,,,,,,HIGH FALLS,ONTARIO
2012-02-17 23:00,2012,2,17,23:00,,,,,,,,,,,,,,,,,,,,HIGH FALLS,ONTARIO
2012-02-18 00:00,2012,2,18,00:00,,,,,,,,,,,,,,,,,,,,HIGH FALLS,ONTARIO
2012-02-18 01:00,2012,2,18,01:00,,,,,,,,,,,,,,,,,,,,HIGH FALLS,ONTARIO
2012-02-18 02:00,2012,2,18,02:00,,,,,,,,,,,,,,,,,,,,HIGH FALLS,ONTARIO
2012-02-18 03:00,2012,2,18,03:00,,,,,,,,,,,,,,,,,,,,HIGH FALLS,ONTARIO
2012-02-18 04:00,2012,2,18,04:00,,,,,,,,,,,,,,,,,,,,HIGH FALLS,ONTARIO
2012-02-18 05:00,2012,2,18,05:00,,,,,,,,,,,,,,,,,,,,HIGH FALLS,ONTARIO
2012-02-18 06:00,2012,2,18,06:00,,,,,,,,,,,,,,,,,,,,HIGH FALLS,ONTARIO
2012-02-18 07:00,2012,2,18,07:00,,,,,,,,,,,,,,,,,,,,HIGH FALLS,ONTARIO
2012-02-18 08:00,2012,2,18,08:00,,,,,,,,,,,,,,,,,,,,HIGH FALLS,ONTARIO
2012-02-18 09:00,2012,2,18,09:00,,,,,,,,,,,,,,,,,,,,HIGH FALLS,ONTARIO
2012-02-18 10:00,2012,2,18,10:00,,,,,,,,,,,,,,,,,,,,HIGH FALLS,ONTARIO
2012-02-18 11:00,2012,2,18,11:00,,,,,,,,,,,,,,,,,,,,HIGH FALLS,ONTARIO
2012-02-18 12:00,2012,2,18,12:00,,,,,,,,,,,,,,,,,,,,HIGH FALLS,ONTARIO
2012-02-18 13:00,2012,2,18,13:00,,,,,,,,,,,,,,,,,,,,HIGH FALLS,ONTARIO
2012-02-18 14:00,2012,2,18,14:00,,,,,,,,,,,,,,,,,,,,HIGH FALLS,ONTARIO
2012-02-18 15:00,2012,2,18,15:00,,,,,,,,,,,,,,,,,,,,HIGH FALLS,ONTARIO
2012-02-18 16:00,2012,2,18,16:00,,,,,,,,,,,,,,,,,,,,HIGH FALLS,ONTARIO
2012-02-18 17:00,2012,2,18,17:00,,,,,,,,,,,,,,,,,,,,HIGH FALLS,ONTARIO
2012-02-18 18:00,2012,2,18,18:00,,,,,,,,,,,,,,,,,,,,HIGH FALLS,ONTARIO
2012-02-18 19:00,2012,2,18,19:00,,,,,,,,,,,,,,,,,,,,HIGH FALLS,ONTARIO
2012-02-18 20:00,2012,2,18,20:00,,,,,,,,,,,,,,,,,,,,HIGH FALLS,ONTARIO
2012-02-18 21:00,2012,2,18,21:00,,,,,,,,,,,,,,,,,,,,HIGH FALLS,ONTARIO
2012-02-18 22:00,2012,2,18,22:00,,,,,,,,,,,,,,,,,,,,HIGH FALLS,ONTARIO
2012-02-18 23:00,2012,2,18,23:00,,,,,,,,,,,,,,,,,,,,HIGH FALLS,ONTARIO
2012-02-19 00:00,2012,2,19,00:00,,,,,,,,,,,,,,,,,,,,HIGH FALLS,ONTARIO
2012-02-19 01:00,2012,2,19,01:00,,,,,,,,,,,,,,,,,,,,HIGH FALLS,ONTARIO
2012-02-19 02:00,2012,2,19,02:00,,,,,,,,,,,,,,,,,,,,HIGH FALLS,ONTARIO
2012-02-19 03:00,2012,2,19,03:00,,,,,,,,,,,,,,,,,,,,HIGH FALLS,ONTARIO
2012-02-19 04:00,2012,2,19,04:00,,,,,,,,,,,,,,,,,,,,HIGH FALLS,ONTARIO
2012-02-19 05:00,2012,2,19,05:00,,,,,,,,,,,,,,,,,,,,HIGH FALLS,ONTARIO
2012-02-19 06:00,2012,2,19,06:00,,,,,,,,,,,,,,,,,,,,HIGH FALLS,ONTARIO
2012-02-19 07:00,2012,2,19,07:00,,,,,,,,,,,,,,,,,,,,HIGH FALLS,ONTARIO
2012-02-19 08:00,2012,2,19,08:00,,,,,,,,,,,,,,,,,,,,HIGH FALLS,ONTARIO
2012-02-19 09:00,2012,2,19,09:00,,,,,,,,,,,,,,,,,,,,HIGH FALLS,ONTARIO
2012-02-19 10:00,2012,2,19,10:00,,,,,,,,,,,,,,,,,,,,HIGH FALLS,ONTARIO
2012-02-19 11:00,2012,2,19,11:00,,,,,,,,,,,,,,,,,,,,HIGH FALLS,ONTARIO
2012-02-19 12:00,2012,2,19,12:00,,,,,,,,,,,,,,,,,,,,HIGH FALLS,ONTARIO
2012-02-19 13:00,2012,2,19,13:00,,,,,,,,,,,,,,,,,,,,HIGH FALLS,ONTARIO
2012-02-19 14:00,2012,2,19,14:00,,,,,,,,,,,,,,,,,,,,HIGH FALLS,ONTARIO
2012-02-19 15:00,2012,2,19,15:00,,,,,,,,,,,,,,,,,,,,HIGH FALLS,ONTARIO
2012-02-19 16:00,2012,2,19,16:00,,,,,,,,,,,,,,,,,,,,HIGH FALLS,ONTARIO
2012-02-19 17:00,2012,2,19,17:00,,,,,,,,,,,,,,,,,,,,HIGH FALLS,ONTARIO
2012-02-19 18:00,2012,2,19,18:00,,,,,,,,,,,,,,,,,,,,HIGH FALLS,ONTARIO
2012-02-19 19:00,2012,2,19,19:00,,,,,,,,,,,,,,,,,,,,HIGH FALLS,ONTARIO
2012-02-19 20:00,2012,2,19,20:00,,,,,,,,,,,,,,,,,,,,HIGH FALLS,ONTARIO
2012-02-19 21:00,2012,2,19,21:00,,,,,,,,,,,,,,,,,,,,HIGH FALLS,ONTARIO
2012-02-19 22:00,2012,2,19,22:00,,,,,,,,,,,,,,,,,,,,HIGH FALLS,ONTARIO
2012-02-19 23:00,2012,2,19,23:00,,,,,,,,,,,,,,,,,,,,HIGH FALLS,ONTARIO
2012-02-20 00:00,2012,2,20,00:00,,,,,,,,,,,,,,,,,,,,HIGH FALLS,ONTARIO
2012-02-20 01:00,2012,2,20,01:00,,,,,,,,,,,,,,,,,,,,HIGH FALLS,ONTARIO
2012-02-20 02:00,2012,2,20,02:00,,,,,,,,,,,,,,,,,,,,HIGH FALLS,ONTARIO
2012-02-20 03:00,2012,2,20,03:00,,,,,,,,,,,,,,,,,,,,HIGH FALLS,ONTARIO
2012-02-20 04:00,2012,2,20,04:00,,,,,,,,,,,,,,,,,,,,HIGH FALLS,ONTARIO
2012-02-20 05:00,2012,2,20,05:00,,,,,,,,,,,,,,,,,,,,HIGH FALLS,ONTARIO
2012-02-20 06:00,2012,2,20,06:00,,,,,,,,,,,,,,,,,,,,HIGH FALLS,ONTARIO
2012-02-20 07:00,2012,2,20,07:00,,,,,,,,,,,,,,,,,,,,HIGH FALLS,ONTARIO
2012-02-20 08:00,2012,2,20,08:00,,,,,,,,,,,,,,,,,,,,HIGH FALLS,ONTARIO
2012-02-20 09:00,2012,2,20,09:00,,,,,,,,,,,,,,,,,,,,HIGH FALLS,ONTARIO
2012-02-20 10:00,2012,2,20,10:00,,,,,,,,,,,,,,,,,,,,HIGH FALLS,ONTARIO
2012-02-20 11:00,2012,2,20,11:00,,,,,,,,,,,,,,,,,,,,HIGH FALLS,ONTARIO
2012-02-20 12:00,2012,2,20,12:00,,,,,,,,,,,,,,,,,,,,HIGH FALLS,ONTARIO
2012-02-20 13:00,2012,2,20,13:00,,,,,,,,,,,,,,,,,,,,HIGH FALLS,ONTARIO
2012-02-20 14:00,2012,2,20,14:00,,,,,,,,,,,,,,,,,,,,HIGH FALLS,ONTARIO
2012-02-20 15:00,2012,2,20,15:00,,,,,,,,,,,,,,,,,,,,HIGH FALLS,ONTARIO
2012-02-20 16:00,2012,2,20,16:00,,,,,,,,,,,,,,,,,,,,HIGH FALLS,ONTARIO
2012-02-20 17:00,2012,2,20,17:00,,,,,,,,,,,,,,,,,,,,HIGH FALLS,ONTARIO
2012-02-20 18:00,2012,2,20,18:00,,,,,,,,,,,,,,,,,,,,HIGH FALLS,ONTARIO
2012-02-20 19:00,2012,2,20,19:00,,,,,,,,,,,,,,,,,,,,HIGH FALLS,ONTARIO
2012-02-20 20:00,2012,2,20,20:00,,,,,,,,,,,,,,,,,,,,HIGH FALLS,ONTARIO
2012-02-20 21:00,2012,2,20,21:00,,,,,,,,,,,,,,,,,,,,HIGH FALLS,ONTARIO
2012-02-20 22:00,2012,2,20,22:00,,,,,,,,,,,,,,,,,,,,HIGH FALLS,ONTARIO
2012-02-20 23:00,2012,2,20,23:00,,,,,,,,,,,,,,,,,,,,HIGH FALLS,ONTARIO
2012-02-21 00:00,2012,2,21,00:00,,,,,,,,,,,,,,,,,,,,HIGH FALLS,ONTARIO
2012-02-21 01:00,2012,2,21,01:00,,,,,,,,,,,,,,,,,,,,HIGH FALLS,ONTARIO
2012-02-21 02:00,2012,2,21,02:00,,,,,,,,,,,,,,,,,,,,HIGH FALLS,ONTARIO
2012-02-21 03:00,2012,2,21,03:00,,,,,,,,,,,,,,,,,,,,HIGH FALLS,ONTARIO
2012-02-21 04:00,2012,2,21,04:00,,,,,,,,,,,,,,,,,,,,HIGH FALLS,ONTARIO
2012-02-21 05:00,2012,2,21,05:00,,,,,,,,,,,,,,,,,,,,HIGH FALLS,ONTARIO
2012-02-21 06:00,2012,2,21,06:00,,,,,,,,,,,,,,,,,,,,HIGH FALLS,ONTARIO
2012-02-21 07:00,2012,2,21,07:00,,,,,,,,,,,,,,,,,,,,HIGH FALLS,ONTARIO
2012-02-21 08:00,2012,2,21,08:00,,,,,,,,,,,,,,,,,,,,HIGH FALLS,ONTARIO
2012-02-21 09:00,2012,2,21,09:00,,,,,,,,,,,,,,,,,,,,HIGH FALLS,ONTARIO
2012-02-21 10:00,2012,2,21,10:00,,,,,,,,,,,,,,,,,,,,HIGH FALLS,ONTARIO
2012-02-21 11:00,2012,2,21,11:00,,,,,,,,,,,,,,,,,,,,HIGH FALLS,ONTARIO
2012-02-21 12:00,2012,2,21,12:00,,,,,,,,,,,,,,,,,,,,HIGH FALLS,ONTARIO
2012-02-21 13:00,2012,2,21,13:00,,,,,,,,,,,,,,,,,,,,HIGH FALLS,ONTARIO
2012-02-21 14:00,2012,2,21,14:00,,,,,,,,,,,,,,,,,,,,HIGH FALLS,ONTARIO
2012-02-21 15:00,2012,2,21,15:00,,,,,,,,,,,,,,,,,,,,HIGH FALLS,ONTARIO
2012-02-21 16:00,2012,2,21,16:00,,,,,,,,,,,,,,,,,,,,HIGH FALLS,ONTARIO
2012-02-21 17:00,2012,2,21,17:00,,,,,,,,,,,,,,,,,,,,HIGH FALLS,ONTARIO
2012-02-21 18:00,2012,2,21,18:00,,,,,,,,,,,,,,,,,,,,HIGH FALLS,ONTARIO
2012-02-21 19:00,2012,2,21,19:00,,,,,,,,,,,,,,,,,,,,HIGH FALLS,ONTARIO
2012-02-21 20:00,2012,2,21,20:00,,,,,,,,,,,,,,,,,,,,HIGH FALLS,ONTARIO
2012-02-21 21:00,2012,2,21,21:00,,,,,,,,,,,,,,,,,,,,HIGH FALLS,ONTARIO
2012-02-21 22:00,2012,2,21,22:00,,,,,,,,,,,,,,,,,,,,HIGH FALLS,ONTARIO
2012-02-21 23:00,2012,2,21,23:00,,,,,,,,,,,,,,,,,,,,HIGH FALLS,ONTARIO
2012-02-22 00:00,2012,2,22,00:00,,,,,,,,,,,,,,,,,,,,HIGH FALLS,ONTARIO
2012-02-22 01:00,2012,2,22,01:00,,,,,,,,,,,,,,,,,,,,HIGH FALLS,ONTARIO
2012-02-22 02:00,2012,2,22,02:00,,,,,,,,,,,,,,,,,,,,HIGH FALLS,ONTARIO
2012-02-22 03:00,2012,2,22,03:00,,,,,,,,,,,,,,,,,,,,HIGH FALLS,ONTARIO
2012-02-22 04:00,2012,2,22,04:00,,,,,,,,,,,,,,,,,,,,HIGH FALLS,ONTARIO
2012-02-22 05:00,2012,2,22,05:00,,,,,,,,,,,,,,,,,,,,HIGH FALLS,ONTARIO
2012-02-22 06:00,2012,2,22,06:00,,,,,,,,,,,,,,,,,,,,HIGH FALLS,ONTARIO
2012-02-22 07:00,2012,2,22,07:00,,,,,,,,,,,,,,,,,,,,HIGH FALLS,ONTARIO
2012-02-22 08:00,2012,2,22,08:00,,,,,,,,,,,,,,,,,,,,HIGH FALLS,ONTARIO
2012-02-22 09:00,2012,2,22,09:00,,,,,,,,,,,,,,,,,,,,HIGH FALLS,ONTARIO
2012-02-22 10:00,2012,2,22,10:00,,,,,,,,,,,,,,,,,,,,HIGH FALLS,ONTARIO
2012-02-22 11:00,2012,2,22,11:00,,,,,,,,,,,,,,,,,,,,HIGH FALLS,ONTARIO
2012-02-22 12:00,2012,2,22,12:00,,,,,,,,,,,,,,,,,,,,HIGH FALLS,ONTARIO
2012-02-22 13:00,2012,2,22,13:00,,,,,,,,,,,,,,,,,,,,HIGH FALLS,ONTARIO
2012-02-22 14:00,2012,2,22,14:00,,,,,,,,,,,,,,,,,,,,HIGH FALLS,ONTARIO
2012-02-22 15:00,2012,2,22,15:00,,,,,,,,,,,,,,,,,,,,HIGH FALLS,ONTARIO
2012-02-22 16:00,2012,2,22,16:00,,,,,,,,,,,,,,,,,,,,HIGH FALLS,ONTARIO
2012-02-22 17:00,2012,2,22,17:00,,,,,,,,,,,,,,,,,,,,HIGH FALLS,ONTARIO
2012-02-22 18:00,2012,2,22,18:00,,,,,,,,,,,,,,,,,,,,HIGH FALLS,ONTARIO
2012-02-22 19:00,2012,2,22,19:00,,,,,,,,,,,,,,,,,,,,HIGH FALLS,ONTARIO
2012-02-22 20:00,2012,2,22,20:00,,,,,,,,,,,,,,,,,,,,HIGH FALLS,ONTARIO
2012-02-22 21:00,2012,2,22,21:00,,,,,,,,,,,,,,,,,,,,HIGH FALLS,ONTARIO
2012-02-22 22:00,2012,2,22,22:00,,,,,,,,,,,,,,,,,,,,HIGH FALLS,ONTARIO
2012-02-22 23:00,2012,2,22,23:00,,,,,,,,,,,,,,,,,,,,HIGH FALLS,ONTARIO
2012-02-23 00:00,2012,2,23,00:00,,,,,,,,,,,,,,,,,,,,HIGH FALLS,ONTARIO
2012-02-23 01:00,2012,2,23,01:00,,,,,,,,,,,,,,,,,,,,HIGH FALLS,ONTARIO
2012-02-23 02:00,2012,2,23,02:00,,,,,,,,,,,,,,,,,,,,HIGH FALLS,ONTARIO
2012-02-23 03:00,2012,2,23,03:00,,,,,,,,,,,,,,,,,,,,HIGH FALLS,ONTARIO
2012-02-23 04:00,2012,2,23,04:00,,,,,,,,,,,,,,,,,,,,HIGH FALLS,ONTARIO
2012-02-23 05:00,2012,2,23,05:00,,,,,,,,,,,,,,,,,,,,HIGH FALLS,ONTARIO
2012-02-23 06:00,2012,2,23,06:00,,,,,,,,,,,,,,,,,,,,HIGH FALLS,ONTARIO
2012-02-23 07:00,2012,2,23,07:00,,,,,,,,,,,,,,,,,,,,HIGH FALLS,ONTARIO
2012-02-23 08:00,2012,2,23,08:00,,,,,,,,,,,,,,,,,,,,HIGH FALLS,ONTARIO
2012-02-23 09:00,2012,2,23,09:00,,,,,,,,,,,,,,,,,,,,HIGH FALLS,ONTARIO
2012-02-23 10:00,2012,2,23,10:00,,,,,,,,,,,,,,,,,,,,HIGH FALLS,ONTARIO
2012-02-23 11:00,2012,2,23,11:00,,,,,,,,,,,,,,,,,,,,HIGH FALLS,ONTARIO
2012-02-23 12:00,2012,2,23,12:00,,,,,,,,,,,,,,,,,,,,HIGH FALLS,ONTARIO
2012-02-23 13:00,2012,2,23,13:00,,,,,,,,,,,,,,,,,,,,HIGH FALLS,ONTARIO
2012-02-23 14:00,2012,2,23,14:00,,,,,,,,,,,,,,,,,,,,HIGH FALLS,ONTARIO
2012-02-23 15:00,2012,2,23,15:00,,,,,,,,,,,,,,,,,,,,HIGH FALLS,ONTARIO
2012-02-23 16:00,2012,2,23,16:00,,,,,,,,,,,,,,,,,,,,HIGH FALLS,ONTARIO
2012-02-23 17:00,2012,2,23,17:00,,,,,,,,,,,,,,,,,,,,HIGH FALLS,ONTARIO
2012-02-23 18:00,2012,2,23,18:00,,,,,,,,,,,,,,,,,,,,HIGH FALLS,ONTARIO
2012-02-23 19:00,2012,2,23,19:00,,,,,,,,,,,,,,,,,,,,HIGH FALLS,ONTARIO
2012-02-23 20:00,2012,2,23,20:00,,,,,,,,,,,,,,,,,,,,HIGH FALLS,ONTARIO
2012-02-23 21:00,2012,2,23,21:00,,,,,,,,,,,,,,,,,,,,HIGH FALLS,ONTARIO
2012-02-23 22:00,2012,2,23,22:00,,,,,,,,,,,,,,,,,,,,HIGH FALLS,ONTARIO
2012-02-23 23:00,2012,2,23,23:00,,,,,,,,,,,,,,,,,,,,HIGH FALLS,ONTARIO
2012-02-24 00:00,2012,2,24,00:00,,,,,,,,,,,,,,,,,,,,HIGH FALLS,ONTARIO
2012-02-24 01:00,2012,2,24,01:00,,,,,,,,,,,,,,,,,,,,HIGH FALLS,ONTARIO
2012-02-24 02:00,2012,2,24,02:00,,,,,,,,,,,,,,,,,,,,HIGH FALLS,ONTARIO
2012-02-24 03:00,2012,2,24,03:00,,,,,,,,,,,,,,,,,,,,HIGH FALLS,ONTARIO
2012-02-24 04:00,2012,2,24,04:00,,,,,,,,,,,,,,,,,,,,HIGH FALLS,ONTARIO
2012-02-24 05:00,2012,2,24,05:00,,,,,,,,,,,,,,,,,,,,HIGH FALLS,ONTARIO
2012-02-24 06:00,2012,2,24,06:00,,,,,,,,,,,,,,,,,,,,HIGH FALLS,ONTARIO
2012-02-24 07:00,2012,2,24,07:00,,,,,,,,,,,,,,,,,,,,HIGH FALLS,ONTARIO
2012-02-24 08:00,2012,2,24,08:00,,,,,,,,,,,,,,,,,,,,HIGH FALLS,ONTARIO
2012-02-24 09:00,2012,2,24,09:00,,,,,,,,,,,,,,,,,,,,HIGH FALLS,ONTARIO
2012-02-24 10:00,2012,2,24,10:00,,,,,,,,,,,,,,,,,,,,HIGH FALLS,ONTARIO
2012-02-24 11:00,2012,2,24,11:00,,,,,,,,,,,,,,,,,,,,HIGH FALLS,ONTARIO
2012-02-24 12:00,2012,2,24,12:00,,,,,,,,,,,,,,,,,,,,HIGH FALLS,ONTARIO
2012-02-24 13:00,2012,2,24,13:00,,,,,,,,,,,,,,,,,,,,HIGH FALLS,ONTARIO
2012-02-24 14:00,2012,2,24,14:00,,,,,,,,,,,,,,,,,,,,HIGH FALLS,ONTARIO
2012-02-24 15:00,2012,2,24,15:00,,,,,,,,,,,,,,,,,,,,HIGH FALLS,ONTARIO
2012-02-24 16:00,2012,2,24,16:00,,,,,,,,,,,,,,,,,,,,HIGH FALLS,ONTARIO
2012-02-24 17:00,2012,2,24,17:00,,,,,,,,,,,,,,,,,,,,HIGH FALLS,ONTARIO
2012-02-24 18:00,2012,2,24,18:00,,,,,,,,,,,,,,,,,,,,HIGH FALLS,ONTARIO
2012-02-24 19:00,2012,2,24,19:00,,,,,,,,,,,,,,,,,,,,HIGH FALLS,ONTARIO
2012-02-24 20:00,2012,2,24,20:00,,,,,,,,,,,,,,,,,,,,HIGH FALLS,ONTARIO
2012-02-24 21:00,2012,2,24,21:00,,,,,,,,,,,,,,,,,,,,HIGH FALLS,ONTARIO
2012-02-24 22:00,2012,2,24,22:00,,,,,,,,,,,,,,,,,,,,HIGH FALLS,ONTARIO
2012-02-24 23:00,2012,2,24,23:00,,,,,,,,,,,,,,,,,,,,HIGH FALLS,ONTARIO
2012-02-25 00:00,2012,2,25,00:00,,,,,,,,,,,,,,,,,,,,HIGH FALLS,ONTARIO
2012-02-25 01:00,2012,2,25,01:00,,,,,,,,,,,,,,,,,,,,HIGH FALLS,ONTARIO
2012-02-25 02:00,2012,2,25,02:00,,,,,,,,,,,,,,,,,,,,HIGH FALLS,ONTARIO
2012-02-25 03:00,2012,2,25,03:00,,,,,,,,,,,,,,,,,,,,HIGH FALLS,ONTARIO
2012-02-25 04:00,2012,2,25,04:00,,,,,,,,,,,,,,,,,,,,HIGH FALLS,ONTARIO
2012-02-25 05:00,2012,2,25,05:00,,,,,,,,,,,,,,,,,,,,HIGH FALLS,ONTARIO
2012-02-25 06:00,2012,2,25,06:00,,,,,,,,,,,,,,,,,,,,HIGH FALLS,ONTARIO
2012-02-25 07:00,2012,2,25,07:00,,,,,,,,,,,,,,,,,,,,HIGH FALLS,ONTARIO
2012-02-25 08:00,2012,2,25,08:00,,,,,,,,,,,,,,,,,,,,HIGH FALLS,ONTARIO
2012-02-25 09:00,2012,2,25,09:00,,,,,,,,,,,,,,,,,,,,HIGH FALLS,ONTARIO
2012-02-25 10:00,2012,2,25,10:00,,,,,,,,,,,,,,,,,,,,HIGH FALLS,ONTARIO
2012-02-25 11:00,2012,2,25,11:00,,,,,,,,,,,,,,,,,,,,HIGH FALLS,ONTARIO
2012-02-25 12:00,2012,2,25,12:00,,,,,,,,,,,,,,,,,,,,HIGH FALLS,ONTARIO
2012-02-25 13:00,2012,2,25,13:00,,,,,,,,,,,,,,,,,,,,HIGH FALLS,ONTARIO
2012-02-25 14:00,2012,2,25,14:00,,,,,,,,,,,,,,,,,,,,HIGH FALLS,ONTARIO
2012-02-25 15:00,2012,2,25,15:00,,,,,,,,,,,,,,,,,,,,HIGH FALLS,ONTARIO
2012-02-25 16:00,2012,2,25,16:00,,,,,,,,,,,,,,,,,,,,HIGH FALLS,ONTARIO
2012-02-25 17:00,2012,2,25,17:00,,,,,,,,,,,,,,,,,,,,HIGH FALLS,ONTARIO
2012-02-25 18:00,2012,2,25,18:00,,,,,,,,,,,,,,,,,,,,HIGH FALLS,ONTARIO
2012-02-25 19:00,2012,2,25,19:00,,,,,,,,,,,,,,,,,,,,HIGH FALLS,ONTARIO
2012-02-25 20:00,2012,2,25,20:00,,,,,,,,,,,,,,,,,,,,HIGH FALLS,ONTARIO
2012-02-25 21:00,2012,2,25,21:00,,,,,,,,,,,,,,,,,,,,HIGH FALLS,ONTARIO
2012-02-25 22:00,2012,2,25,22:00,,,,,,,,,,,,,,,,,,,,HIGH FALLS,ONTARIO
2012-02-25 23:00,2012,2,25,23:00,,,,,,,,,,,,,,,,,,,,HIGH FALLS,ONTARIO
2012-02-26 00:00,2012,2,26,00:00,,,,,,,,,,,,,,,,,,,,HIGH FALLS,ONTARIO
2012-02-26 01:00,2012,2,26,01:00,,,,,,,,,,,,,,,,,,,,HIGH FALLS,ONTARIO
2012-02-26 02:00,2012,2,26,02:00,,,,,,,,,,,,,,,,,,,,HIGH FALLS,ONTARIO
2012-02-26 03:00,2012,2,26,03:00,,,,,,,,,,,,,,,,,,,,HIGH FALLS,ONTARIO
2012-02-26 04:00,2012,2,26,04:00,,,,,,,,,,,,,,,,,,,,HIGH FALLS,ONTARIO
2012-02-26 05:00,2012,2,26,05:00,,,,,,,,,,,,,,,,,,,,HIGH FALLS,ONTARIO
2012-02-26 06:00,2012,2,26,06:00,,,,,,,,,,,,,,,,,,,,HIGH FALLS,ONTARIO
2012-02-26 07:00,2012,2,26,07:00,,,,,,,,,,,,,,,,,,,,HIGH FALLS,ONTARIO
2012-02-26 08:00,2012,2,26,08:00,,,,,,,,,,,,,,,,,,,,HIGH FALLS,ONTARIO
2012-02-26 09:00,2012,2,26,09:00,,,,,,,,,,,,,,,,,,,,HIGH FALLS,ONTARIO
2012-02-26 10:00,2012,2,26,10:00,,,,,,,,,,,,,,,,,,,,HIGH FALLS,ONTARIO
2012-02-26 11:00,2012,2,26,11:00,,,,,,,,,,,,,,,,,,,,HIGH FALLS,ONTARIO
2012-02-26 12:00,2012,2,26,12:00,,,,,,,,,,,,,,,,,,,,HIGH FALLS,ONTARIO
2012-02-26 13:00,2012,2,26,13:00,,,,,,,,,,,,,,,,,,,,HIGH FALLS,ONTARIO
2012-02-26 14:00,2012,2,26,14:00,,,,,,,,,,,,,,,,,,,,HIGH FALLS,ONTARIO
2012-02-26 15:00,2012,2,26,15:00,,,,,,,,,,,,,,,,,,,,HIGH FALLS,ONTARIO
2012-02-26 16:00,2012,2,26,16:00,,,,,,,,,,,,,,,,,,,,HIGH FALLS,ONTARIO
2012-02-26 17:00,2012,2,26,17:00,,,,,,,,,,,,,,,,,,,,HIGH FALLS,ONTARIO
2012-02-26 18:00,2012,2,26,18:00,,,,,,,,,,,,,,,,,,,,HIGH FALLS,ONTARIO
2012-02-26 19:00,2012,2,26,19:00,,,,,,,,,,,,,,,,,,,,HIGH FALLS,ONTARIO
2012-02-26 20:00,2012,2,26,20:00,,,,,,,,,,,,,,,,,,,,HIGH FALLS,ONTARIO
2012-02-26 21:00,2012,2,26,21:00,,,,,,,,,,,,,,,,,,,,HIGH FALLS,ONTARIO
2012-02-26 22:00,2012,2,26,22:00,,,,,,,,,,,,,,,,,,,,HIGH FALLS,ONTARIO
2012-02-26 23:00,2012,2,26,23:00,,,,,,,,,,,,,,,,,,,,HIGH FALLS,ONTARIO
2012-02-27 00:00,2012,2,27,00:00,,,,,,,,,,,,,,,,,,,,HIGH FALLS,ONTARIO
2012-02-27 01:00,2012,2,27,01:00,,,,,,,,,,,,,,,,,,,,HIGH FALLS,ONTARIO
2012-02-27 02:00,2012,2,27,02:00,,,,,,,,,,,,,,,,,,,,HIGH FALLS,ONTARIO
2012-02-27 03:00,2012,2,27,03:00,,,,,,,,,,,,,,,,,,,,HIGH FALLS,ONTARIO
2012-02-27 04:00,2012,2,27,04:00,,,,,,,,,,,,,,,,,,,,HIGH FALLS,ONTARIO
2012-02-27 05:00,2012,2,27,05:00,,,,,,,,,,,,,,,,,,,,HIGH FALLS,ONTARIO
2012-02-27 06:00,2012,2,27,06:00,,,,,,,,,,,,,,,,,,,,HIGH FALLS,ONTARIO
2012-02-27 07:00,2012,2,27,07:00,,,,,,,,,,,,,,,,,,,,HIGH FALLS,ONTARIO
2012-02-27 08:00,2012,2,27,08:00,,,,,,,,,,,,,,,,,,,,HIGH FALLS,ONTARIO
2012-02-27 09:00,2012,2,27,09:00,,,,,,,,,,,,,,,,,,,,HIGH FALLS,ONTARIO
2012-02-27 10:00,2012,2,27,10:00,,,,,,,,,,,,,,,,,,,,HIGH FALLS,ONTARIO
2012-02-27 11:00,2012,2,27,11:00,,,,,,,,,,,,,,,,,,,,HIGH FALLS,ONTARIO
2012-02-27 12:00,2012,2,27,12:00,,,,,,,,,,,,,,,,,,,,HIGH FALLS,ONTARIO
2012-02-27 13:00,2012,2,27,13:00,,,,,,,,,,,,,,,,,,,,HIGH FALLS,ONTARIO
2012-02-27 14:00,2012,2,27,14:00,,,,,,,,,,,,,,,,,,,,HIGH FALLS,ONTARIO
2012-02-27 15:00,2012,2,27,15:00,,,,,,,,,,,,,,,,,,,,HIGH FALLS,ONTARIO
2012-02-27 16:00,2012,2,27,16:00,,,,,,,,,,,,,,,,,,,,HIGH FALLS,ONTARIO
2012-02-27 17:00,2012,2,27,17:00,,,,,,,,,,,,,,,,,,,,HIGH FALLS,ONTARIO
2012-02-27 18:00,2012,2,27,18:00,,,,,,,,,,,,,,,,,,,,HIGH FALLS,ONTARIO
2012-02-27 19:00,2012,2,27,19:00,,,,,,,,,,,,,,,,,,,,HIGH FALLS,ONTARIO
2012-02-27 20:00,2012,2,27,20:00,,,,,,,,,,,,,,,,,,,,HIGH FALLS,ONTARIO
2012-02-27 21:00,2012,2,27,21:00,,,,,,,,,,,,,,,,,,,,HIGH FALLS,ONTARIO
2012-02-27 22:00,2012,2,27,22:00,,,,,,,,,,,,,,,,,,,,HIGH FALLS,ONTARIO
2012-02-27 23:00,2012,2,27,23:00,,,,,,,,,,,,,,,,,,,,HIGH FALLS,ONTARIO
2012-02-28 00:00,2012,2,28,00:00,,,,,,,,,,,,,,,,,,,,HIGH FALLS,ONTARIO
2012-02-28 01:00,2012,2,28,01:00,,,,,,,,,,,,,,,,,,,,HIGH FALLS,ONTARIO
2012-02-28 02:00,2012,2,28,02:00,,,,,,,,,,,,,,,,,,,,HIGH FALLS,ONTARIO
2012-02-28 03:00,2012,2,28,03:00,,,,,,,,,,,,,,,,,,,,HIGH FALLS,ONTARIO
2012-02-28 04:00,2012,2,28,04:00,,,,,,,,,,,,,,,,,,,,HIGH FALLS,ONTARIO
2012-02-28 05:00,2012,2,28,05:00,,,,,,,,,,,,,,,,,,,,HIGH FALLS,ONTARIO
2012-02-28 06:00,2012,2,28,06:00,,,,,,,,,,,,,,,,,,,,HIGH FALLS,ONTARIO
2012-02-28 07:00,2012,2,28,07:00,,,,,,,,,,,,,,,,,,,,HIGH FALLS,ONTARIO
2012-02-28 08:00,2012,2,28,08:00,,,,,,,,,,,,,,,,,,,,HIGH FALLS,ONTARIO
2012-02-28 09:00,2012,2,28,09:00,,,,,,,,,,,,,,,,,,,,HIGH FALLS,ONTARIO
2012-02-28 10:00,2012,2,28,10:00,,,,,,,,,,,,,,,,,,,,HIGH FALLS,ONTARIO
2012-02-28 11:00,2012,2,28,11:00,,,,,,,,,,,,,,,,,,,,HIGH FALLS,ONTARIO
2012-02-28 12:00,2012,2,28,12:00,,,,,,,,,,,,,,,,,,,,HIGH FALLS,ONTARIO
2012-02-28 13:00,2012,2,28,13:00,,,,,,,,,,,,,,,,,,,,HIGH FALLS,ONTARIO
2012-02-28 14:00,2012,2,28,14:00,,,,,,,,,,,,,,,,,,,,HIGH FALLS,ONTARIO
2012-02-28 15:00,2012,2,28,15:00,,,,,,,,,,,,,,,,,,,,HIGH FALLS,ONTARIO
2012-02-28 16:00,2012,2,28,16:00,,,,,,,,,,,,,,,,,,,,HIGH FALLS,ONTARIO
2012-02-28 17:00,2012,2,28,17:00,,,,,,,,,,,,,,,,,,,,HIGH FALLS,ONTARIO
2012-02-28 18:00,2012,2,28,18:00,,,,,,,,,,,,,,,,,,,,HIGH FALLS,ONTARIO
2012-02-28 19:00,2012,2,28,19:00,,,,,,,,,,,,,,,,,,,,HIGH FALLS,ONTARIO
2012-02-28 20:00,2012,2,28,20:00,,,,,,,,,,,,,,,,,,,,HIGH FALLS,ONTARIO
2012-02-28 21:00,2012,2,28,21:00,,,,,,,,,,,,,,,,,,,,HIGH FALLS,ONTARIO
2012-02-28 22:00,2012,2,28,22:00,,,,,,,,,,,,,,,,,,,,HIGH FALLS,ONTARIO
2012-02-28 23:00,2012,2,28,23:00,,,,,,,,,,,,,,,,,,,,HIGH FALLS,ONTARIO
2012-02-29 00:00,2012,2,29,00:00,,,,,,,,,,,,,,,,,,,,HIGH FALLS,ONTARIO
2012-02-29 01:00,2012,2,29,01:00,,,,,,,,,,,,,,,,,,,,HIGH FALLS,ONTARIO
2012-02-29 02:00,2012,2,29,02:00,,,,,,,,,,,,,,,,,,,,HIGH FALLS,ONTARIO
2012-02-29 03:00,2012,2,29,03:00,,,,,,,,,,,,,,,,,,,,HIGH FALLS,ONTARIO
2012-02-29 04:00,2012,2,29,04:00,,,,,,,,,,,,,,,,,,,,HIGH FALLS,ONTARIO
2012-02-29 05:00,2012,2,29,05:00,,,,,,,,,,,,,,,,,,,,HIGH FALLS,ONTARIO
2012-02-29 06:00,2012,2,29,06:00,,,,,,,,,,,,,,,,,,,,HIGH FALLS,ONTARIO
2012-02-29 07:00,2012,2,29,07:00,,,,,,,,,,,,,,,,,,,,HIGH FALLS,ONTARIO
2012-02-29 08:00,2012,2,29,08:00,,,,,,,,,,,,,,,,,,,,HIGH FALLS,ONTARIO
2012-02-29 09:00,2012,2,29,09:00,,,,,,,,,,,,,,,,,,,,HIGH FALLS,ONTARIO
2012-02-29 10:00,2012,2,29,10:00,,,,,,,,,,,,,,,,,,,,HIGH FALLS,ONTARIO
2012-02-29 11:00,2012,2,29,11:00,,,,,,,,,,,,,,,,,,,,HIGH FALLS,ONTARIO
2012-02-29 12:00,2012,2,29,12:00,,,,,,,,,,,,,,,,,,,,HIGH FALLS,ONTARIO
2012-02-29 13:00,2012,2,29,13:00,,,,,,,,,,,,,,,,,,,,HIGH FALLS,ONTARIO
2012-02-29 14:00,2012,2,29,14:00,,,,,,,,,,,,,,,,,,,,HIGH FALLS,ONTARIO
2012-02-29 15:00,2012,2,29,15:00,,,,,,,,,,,,,,,,,,,,HIGH FALLS,ONTARIO
2012-02-29 16:00,2012,2,29,16:00,,,,,,,,,,,,,,,,,,,,HIGH FALLS,ONTARIO
2012-02-29 17:00,2012,2,29,17:00,,,,,,,,,,,,,,,,,,,,HIGH FALLS,ONTARIO
2012-02-29 18:00,2012,2,29,18:00,,,,,,,,,,,,,,,,,,,,HIGH FALLS,ONTARIO
2012-02-29 19:00,2012,2,29,19:00,,,,,,,,,,,,,,,,,,,,HIGH FALLS,ONTARIO
2012-02-29 20:00,2012,2,29,20:00,,,,,,,,,,,,,,,,,,,,HIGH FALLS,ONTARIO
2012-02-29 21:00,2012,2,29,21:00,,,,,,,,,,,,,,,,,,,,HIGH FALLS,ONTARIO
2012-02-29 22:00,2012,2,29,22:00,,,,,,,,,,,,,,,,,,,,HIGH FALLS,ONTARIO
2012-02-29 23:00,2012,2,29,23:00,,,,,,,,,,,,,,,,,,,,HIGH FALLS,ONTARIO
2013-02-01 00:00,2013,2,1,00:00,,,,,,,,,,,,,,,,,,,,HIGH FALLS,ONTARIO
2013-02-01 01:00,2013,2,1,01:00,,,,,,,,,,,,,,,,,,,,HIGH FALLS,ONTARIO
2013-02-01 02:00,2013,2,1,02:00,,,,,,,,,,,,,,,,,,,,HIGH FALLS,ONTARIO
2013-02-01 03:00,2013,2,1,03:00,,,,,,,,,,,,,,,,,,,,HIGH FALLS,ONTARIO
2013-02-01 04:00,2013,2,1,04:00,,,,,,,,,,,,,,,,,,,,HIGH FALLS,ONTARIO
2013-02-01 05:00,2013,2,1,05:00,,,,,,,,,,,,,,,,,,,,HIGH FALLS,ONTARIO
2013-02-01 06:00,2013,2,1,06:00,,,,,,,,,,,,,,,,,,,,HIGH FALLS,ONTARIO
2013-02-01 07:00,2013,2,1,07:00,,,,,,,,,,,,,,,,,,,,HIGH FALLS,ONTARIO
2013-02-01 08:00,2013,2,1,08:00,,,,,,,,,,,,,,,,,,,,HIGH FALLS,ONTARIO
2013-02-01 09:00,2013,2,1,09:00,,,,,,,,,,,,,,,,,,,,HIGH FALLS,ONTARIO
2013-02-01 10:00,2013,2,1,10:00,,,,,,,,,,,,,,,,,,,,HIGH FALLS,ONTARIO
2013-02-01 11:00,2013,2,1,11:00,,,,,,,,,,,,,,,,,,,,HIGH FALLS,ONTARIO
2013-02-01 12:00,2013,2,1,12:00,,,,,,,,,,,,,,,,,,,,HIGH FALLS,ONTARIO
2013-02-01 13:00,2013,2,1,13:00,,,,,,,,,,,,,,,,,,,,HIGH FALLS,ONTARIO
2013-02-01 14:00,2013,2,1,14:00,,,,,,,,,,,,,,,,,,,,HIGH FALLS,ONTARIO
2013-02-01 15:00,2013,2,1,15:00,,,,,,,,,,,,,,,,,,,,HIGH FALLS,ONTARIO
2013-02-01 16:00,2013,2,1,16:00,,,,,,,,,,,,,,,,,,,,HIGH FALLS,ONTARIO
2013-02-01 17:00,2013,2,1,17:00,,,,,,,,,,,,,,,,,,,,HIGH FALLS,ONTARIO
2013-02-01 18:00,2013,2,1,18:00,,,,,,,,,,,,,,,,,,,,HIGH FALLS,ONTARIO
2013-02-01 19:00,2013,2,1,19:00,,,,,,,,,,,,,,,,,,,,HIGH FALLS,ONTARIO
2013-02-01 20:00,2013,2,1,20:00,,,,,,,,,,,,,,,,,,,,HIGH FALLS,ONTARIO
2013-02-01 21:00,2013,2,1,21:00,,,,,,,,,,,,,,,,,,,,HIGH FALLS,ONTARIO
2013-02-01 22:00,2013,2,1,22:00,,,,,,,,,,,,,,,,,,,,HIGH FALLS,ONTARIO
2013-02-01 23:00,2013,2,1,23:00,,,,,,,,,,,,,,,,,,,,HIGH FALLS,ONTARIO
2013-02-02 00:00,2013,2,2,00:00,,,,,,,,,,,,,,,,,,,,HIGH FALLS,ONTARIO
2013-02-02 01:00,2013,2,2,01:00,,,,,,,,,,,,,,,,,,,,HIGH FALLS,ONTARIO
2013-02-02 02:00,2013,2,2,02:00,,,,,,,,,,,,,,,,,,,,HIGH FALLS,ONTARIO
2013-02-02 03:00,2013,2,2,03:00,,,,,,,,,,,,,,,,,,,,HIGH FALLS,ONTARIO
2013-02-02 04:00,2013,2,2,04:00,,,,,,,,,,,,,,,,,,,,HIGH FALLS,ONTARIO
2013-02-02 05:00,2013,2,2,05:00,,,,,,,,,,,,,,,,,,,,HIGH FALLS,ONTARIO
2013-02-02 06:00,2013,2,2,06:00,,,,,,,,,,,,,,,,,,,,HIGH FALLS,ONTARIO
2013-02-02 07:00,2013,2,2,07:00,,,,,,,,,,,,,,,,,,,,HIGH FALLS,ONTARIO
2013-02-02 08:00,2013,2,2,08:00,,,,,,,,,,,,,,,,,,,,HIGH FALLS,ONTARIO
2013-02-02 09:00,2013,2,2,09:00,,,,,,,,,,,,,,,,,,,,HIGH FALLS,ONTARIO
2013-02-02 10:00,2013,2,2,10:00,,,,,,,,,,,,,,,,,,,,HIGH FALLS,ONTARIO
2013-02-02 11:00,2013,2,2,11:00,,,,,,,,,,,,,,,,,,,,HIGH FALLS,ONTARIO
2013-02-02 12:00,2013,2,2,12:00,,,,,,,,,,,,,,,,,,,,HIGH FALLS,ONTARIO
2013-02-02 13:00,2013,2,2,13:00,,,,,,,,,,,,,,,,,,,,HIGH FALLS,ONTARIO
2013-02-02 14:00,2013,2,2,14:00,,,,,,,,,,,,,,,,,,,,HIGH FALLS,ONTARIO
2013-02-02 15:00,2013,2,2,15:00,,,,,,,,,,,,,,,,,,,,HIGH FALLS,ONTARIO
2013-02-02 16:00,2013,2,2,16:00,,,,,,,,,,,,,,,,,,,,HIGH FALLS,ONTARIO
2013-02-02 17:00,2013,2,2,17:00,,,,,,,,,,,,,,,,,,,,HIGH FALLS,ONTARIO
2013-02-02 18:00,2013,2,2,18:00,,,,,,,,,,,,,,,,,,,,HIGH FALLS,ONTARIO
2013-02-02 19:00,2013,2,2,19:00,,,,,,,,,,,,,,,,,,,,HIGH FALLS,ONTARIO
2013-02-02 20:00,2013,2,2,20:00,,,,,,,,,,,,,,,,,,,,HIGH FALLS,ONTARIO
2013-02-02 21:00,2013,2,2,21:00,,,,,,,,,,,,,,,,,,,,HIGH FALLS,ONTARIO
2013-02-02 22:00,2013,2,2,22:00,,,,,,,,,,,,,,,,,,,,HIGH FALLS,ONTARIO
2013-02-02 23:00,2013,2,2,23:00,,,,,,,,,,,,,,,,,,,,HIGH FALLS,ONTARIO
2013-02-03 00:00,2013,2,3,00:00,,,,,,,,,,,,,,,,,,,,HIGH FALLS,ONTARIO
2013-02-03 01:00,2013,2,3,01:00,,,,,,,,,,,,,,,,,,,,HIGH FALLS,ONTARIO
2013-02-03 02:00,2013,2,3,02:00,,,,,,,,,,,,,,,,,,,,HIGH FALLS,ONTARIO
2013-02-03 03:00,2013,2,3,03:00,,,,,,,,,,,,,,,,,,,,HIGH FALLS,ONTARIO
2013-02-03 04:00,2013,2,3,04:00,,,,,,,,,,,,,,,,,,,,HIGH FALLS,ONTARIO
2013-02-03 05:00,2013,2,3,05:00,,,,,,,,,,,,,,,,,,,,HIGH FALLS,ONTARIO
2013-02-03 06:00,2013,2,3,06:00,,,,,,,,,,,,,,,,,,,,HIGH FALLS,ONTARIO
2013-02-03 07:00,2013,2,3,07:00,,,,,,,,,,,,,,,,,,,,HIGH FALLS,ONTARIO
2013-02-03 08:00,2013,2,3,08:00,,,,,,,,,,,,,,,,,,,,HIGH FALLS,ONTARIO
2013-02-03 09:00,2013,2,3,09:00,,,,,,,,,,,,,,,,,,,,HIGH FALLS,ONTARIO
2013-02-03 10:00,2013,2,3,10:00,,,,,,,,,,,,,,,,,,,,HIGH FALLS,ONTARIO
2013-02-03 11:00,2013,2,3,11:00,,,,,,,,,,,,,,,,,,,,HIGH FALLS,ONTARIO
2013-02-03 12:00,2013,2,3,12:00,,,,,,,,,,,,,,,,,,,,HIGH FALLS,ONTARIO
2013-02-03 13:00,2013,2,3,13:00,,,,,,,,,,,,,,,,,,,,HIGH FALLS,ONTARIO
2013-02-03 14:00,2013,2,3,14:00,,,,,,,,,,,,,,,,,,,,HIGH FALLS,ONTARIO
2013-02-03 15:00,2013,2,3,15:00,,,,,,,,,,,,,,,,,,,,HIGH FALLS,ONTARIO
2013-02-03 16:00,2013,2,3,16:00,,,,,,,,,,,,,,,,,,,,HIGH FALLS,ONTARIO
2013-02-03 17:00,2013,2,3,17:00,,,,,,,,,,,,,,,,,,,,HIGH FALLS,ONTARIO
2013-02-03 18:00,2013,2,3,18:00,,,,,,,,,,,,,,,,,,,,HIGH FALLS,ONTARIO
2013-02-03 19:00,2013,2,3,19:00,,,,,,,,,,,,,,,,,,,,HIGH FALLS,ONTARIO
2013-02-03 20:00,2013,2,3,20:00,,,,,,,,,,,,,,,,,,,,HIGH FALLS,ONTARIO
2013-02-03 21:00,2013,2,3,21:00,,,,,,,,,,,,,,,,,,,,HIGH FALLS,ONTARIO
2013-02-03 22:00,2013,2,3,22:00,,,,,,,,,,,,,,,,,,,,HIGH FALLS,ONTARIO
2013-02-03 23:00,2013,2,3,23:00,,,,,,,,,,,,,,,,,,,,HIGH FALLS,ONTARIO
2013-02-04 00:00,2013,2,4,00:00,,,,,,,,,,,,,,,,,,,,HIGH FALLS,ONTARIO
2013-02-04 01:00,2013,2,4,01:00,,,,,,,,,,,,,,,,,,,,HIGH FALLS,ONTARIO
2013-02-04 02:00,2013,2,4,02:00,,,,,,,,,,,,,,,,,,,,HIGH FALLS,ONTARIO
2013-02-04 03:00,2013,2,4,03:00,,,,,,,,,,,,,,,,,,,,HIGH FALLS,ONTARIO
2013-02-04 04:00,2013,2,4,04:00,,,,,,,,,,,,,,,,,,,,HIGH FALLS,ONTARIO
2013-02-04 05:00,2013,2,4,05:00,,,,,,,,,,,,,,,,,,,,HIGH FALLS,ONTARIO
2013-02-04 06:00,2013,2,4,06:00,,,,,,,,,,,,,,,,,,,,HIGH FALLS,ONTARIO
2013-02-04 07:00,2013,2,4,07:00,,,,,,,,,,,,,,,,,,,,HIGH FALLS,ONTARIO
2013-02-04 08:00,2013,2,4,08:00,,,,,,,,,,,,,,,,,,,,HIGH FALLS,ONTARIO
2013-02-04 09:00,2013,2,4,09:00,,,,,,,,,,,,,,,,,,,,HIGH FALLS,ONTARIO
2013-02-04 10:00,2013,2,4,10:00,,,,,,,,,,,,,,,,,,,,HIGH FALLS,ONTARIO
2013-02-04 11:00,2013,2,4,11:00,,,,,,,,,,,,,,,,,,,,HIGH FALLS,ONTARIO
2013-02-04 12:00,2013,2,4,12:00,,,,,,,,,,,,,,,,,,,,HIGH FALLS,ONTARIO
2013-02-04 13:00,2013,2,4,13:00,,,,,,,,,,,,,,,,,,,,HIGH FALLS,ONTARIO
2013-02-04 14:00,2013,2,4,14:00,,,,,,,,,,,,,,,,,,,,HIGH FALLS,ONTARIO
2013-02-04 15:00,2013,2,4,15:00,,,,,,,,,,,,,,,,,,,,HIGH FALLS,ONTARIO
2013-02-04 16:00,2013,2,4,16:00,,,,,,,,,,,,,,,,,,,,HIGH FALLS,ONTARIO
2013-02-04 17:00,2013,2,4,17:00,,,,,,,,,,,,,,,,,,,,HIGH FALLS,ONTARIO
2013-02-04 18:00,2013,2,4,18:00,,,,,,,,,,,,,,,,,,,,HIGH FALLS,ONTARIO
2013-02-04 19:00,2013,2,4,19:00,,,,,,,,,,,,,,,,,,,,HIGH FALLS,ONTARIO
2013-02-04 20:00,2013,2,4,20:00,,,,,,,,,,,,,,,,,,,,HIGH FALLS,ONTARIO
2013-02-04 21:00,2013,2,4,21:00,,,,,,,,,,,,,,,,,,,,HIGH FALLS,ONTARIO
2013-02-04 22:00,2013,2,4,22:00,,,,,,,,,,,,,,,,,,,,HIGH FALLS,ONTARIO
2013-02-04 23:00,2013,2,4,23:00,,,,,,,,,,,,,,,,,,,,HIGH FALLS,ONTARIO
2013-02-05 00:00,2013,2,5,00:00,,,,,,,,,,,,,,,,,,,,HIGH FALLS,ONTARIO
2013-02-05 01:00,2013,2,5,01:00,,,,,,,,,,,,,,,,,,,,HIGH FALLS,ONTARIO
2013-02-05 02:00,2013,2,5,02:00,,,,,,,,,,,,,,,,,,,,HIGH FALLS,ONTARIO
2013-02-05 03:00,2013,2,5,03:00,,,,,,,,,,,,,,,,,,,,HIGH FALLS,ONTARIO
2013-02-05 04:00,2013,2,5,04:00,,,,,,,,,,,,,,,,,,,,HIGH FALLS,ONTARIO
2013-02-05 05:00,2013,2,5,05:00,,,,,,,,,,,,,,,,,,,,HIGH FALLS,ONTARIO
2013-02-05 06:00,2013,2,5,06:00,,,,,,,,,,,,,,,,,,,,HIGH FALLS,ONTARIO
2013-02-05 07:00,2013,2,5,07:00,,,,,,,,,,,,,,,,,,,,HIGH FALLS,ONTARIO
2013-02-05 08:00,2013,2,5,08:00,,,,,,,,,,,,,,,,,,,,HIGH FALLS,ONTARIO
2013-02-05 09:00,2013,2,5,09:00,,,,,,,,,,,,,,,,,,,,HIGH FALLS,ONTARIO
2013-02-05 10:00,2013,2,5,10:00,,,,,,,,,,,,,,,,,,,,HIGH FALLS,ONTARIO
2013-02-05 11:00,2013,2,5,11:00,,,,,,,,,,,,,,,,,,,,HIGH FALLS,ONTARIO
2013-02-05 12:00,2013,2,5,12:00,,,,,,,,,,,,,,,,,,,,HIGH FALLS,ONTARIO
2013-02-05 13:00,2013,2,5,13:00,,,,,,,,,,,,,,,,,,,,HIGH FALLS,ONTARIO
2013-02-05 14:00,2013,2,5,14:00,,,,,,,,,,,,,,,,,,,,HIGH FALLS,ONTARIO
2013-02-05 15:00,2013,2,5,15:00,,,,,,,,,,,,,,,,,,,,HIGH FALLS,ONTARIO
2013-02-05 16:00,2013,2,5,16:00,,,,,,,,,,,,,,,,,,,,HIGH FALLS,ONTARIO
2013-02-05 17:00,2013,2,5,17:00,,,,,,,,,,,,,,,,,,,,HIGH FALLS,ONTARIO
2013-02-05 18:00,2013,2,5,18:00,,,,,,,,,,,,,,,,,,,,HIGH FALLS,ONTARIO
2013-02-05 19:00,2013,2,5,19:00,,,,,,,,,,,,,,,,,,,,HIGH FALLS,ONTARIO
2013-02-05 20:00,2013,2,5,20:00,,,,,,,,,,,,,,,,,,,,HIGH FALLS,ONTARIO
2013-02-05 21:00,2013,2,5,21:00,,,,,,,,,,,,,,,,,,,,HIGH FALLS,ONTARIO
2013-02-05 22:00,2013,2,5,22:00,,,,,,,,,,,,,,,,,,,,HIGH FALLS,ONTARIO
2013-02-05 23:00,2013,2,5,23:00,,,,,,,,,,,,,,,,,,,,HIGH FALLS,ONTARIO
2013-02-06 00:00,2013,2,6,00:00,,,,,,,,,,,,,,,,,,,,HIGH FALLS,ONTARIO
2013-02-06 01:00,2013,2,6,01:00,,,,,,,,,,,,,,,,,,,,HIGH FALLS,ONTARIO
2013-02-06 02:00,2013,2,6,02:00,,,,,,,,,,,,,,,,,,,,HIGH FALLS,ONTARIO
2013-02-06 03:00,2013,2,6,03:00,,,,,,,,,,,,,,,,,,,,HIGH FALLS,ONTARIO
2013-02-06 04:00,2013,2,6,04:00,,,,,,,,,,,,,,,,,,,,HIGH FALLS,ONTARIO
2013-02-06 05:00,2013,2,6,05:00,,,,,,,,,,,,,,,,,,,,HIGH FALLS,ONTARIO
2013-02-06 06:00,2013,2,6,06:00,,,,,,,,,,,,,,,,,,,,HIGH FALLS,ONTARIO
2013-02-06 07:00,2013,2,6,07:00,,,,,,,,,,,,,,,,,,,,HIGH FALLS,ONTARIO
2013-02-06 08:00,2013,2,6,08:00,,,,,,,,,,,,,,,,,,,,HIGH FALLS,ONTARIO
2013-02-06 09:00,2013,2,6,09:00,,,,,,,,,,,,,,,,,,,,HIGH FALLS,ONTARIO
2013-02-06 10:00,2013,2,6,10:00,,,,,,,,,,,,,,,,,,,,HIGH FALLS,ONTARIO
2013-02-06 11:00,2013,2,6,11:00,,,,,,,,,,,,,,,,,,,,HIGH FALLS,ONTARIO
2013-02-06 12:00,2013,2,6,12:00,,,,,,,,,,,,,,,,,,,,HIGH FALLS,ONTARIO
2013-02-06 13:00,2013,2,6,13:00,,,,,,,,,,,,,,,,,,,,HIGH FALLS,ONTARIO
2013-02-06 14:00,2013,2,6,14:00,,,,,,,,,,,,,,,,,,,,HIGH FALLS,ONTARIO
2013-02-06 15:00,2013,2,6,15:00,,,,,,,,,,,,,,,,,,,,HIGH FALLS,ONTARIO
2013-02-06 16:00,2013,2,6,16:00,,,,,,,,,,,,,,,,,,,,HIGH FALLS,ONTARIO
2013-02-06 17:00,2013,2,6,17:00,,,,,,,,,,,,,,,,,,,,HIGH FALLS,ONTARIO
2013-02-06 18:00,2013,2,6,18:00,,,,,,,,,,,,,,,,,,,,HIGH FALLS,ONTARIO
2013-02-06 19:00,2013,2,6,19:00,,,,,,,,,,,,,,,,,,,,HIGH FALLS,ONTARIO
2013-02-06 20:00,2013,2,6,20:00,,,,,,,,,,,,,,,,,,,,HIGH FALLS,ONTARIO
2013-02-06 21:00,2013,2,6,21:00,,,,,,,,,,,,,,,,,,,,HIGH FALLS,ONTARIO
2013-02-06 22:00,2013,2,6,22:00,,,,,,,,,,,,,,,,,,,,HIGH FALLS,ONTARIO
2013-02-06 23:00,2013,2,6,23:00,,,,,,,,,,,,,,,,,,,,HIGH FALLS,ONTARIO
2013-02-07 00:00,2013,2,7,00:00,,,,,,,,,,,,,,,,,,,,HIGH FALLS,ONTARIO
2013-02-07 01:00,2013,2,7,01:00,,,,,,,,,,,,,,,,,,,,HIGH FALLS,ONTARIO
2013-02-07 02:00,2013,2,7,02:00,,,,,,,,,,,,,,,,,,,,HIGH FALLS,ONTARIO
2013-02-07 03:00,2013,2,7,03:00,,,,,,,,,,,,,,,,,,,,HIGH FALLS,ONTARIO
2013-02-07 04:00,2013,2,7,04:00,,,,,,,,,,,,,,,,,,,,HIGH FALLS,ONTARIO
2013-02-07 05:00,2013,2,7,05:00,,,,,,,,,,,,,,,,,,,,HIGH FALLS,ONTARIO
2013-02-07 06:00,2013,2,7,06:00,,,,,,,,,,,,,,,,,,,,HIGH FALLS,ONTARIO
2013-02-07 07:00,2013,2,7,07:00,,,,,,,,,,,,,,,,,,,,HIGH FALLS,ONTARIO
2013-02-07 08:00,2013,2,7,08:00,,,,,,,,,,,,,,,,,,,,HIGH FALLS,ONTARIO
2013-02-07 09:00,2013,2,7,09:00,,,,,,,,,,,,,,,,,,,,HIGH FALLS,ONTARIO
2013-02-07 10:00,2013,2,7,10:00,,,,,,,,,,,,,,,,,,,,HIGH FALLS,ONTARIO
2013-02-07 11:00,2013,2,7,11:00,,,,,,,,,,,,,,,,,,,,HIGH FALLS,ONTARIO
2013-02-07 12:00,2013,2,7,12:00,,,,,,,,,,,,,,,,,,,,HIGH FALLS,ONTARIO
2013-02-07 13:00,2013,2,7,13:00,,,,,,,,,,,,,,,,,,,,HIGH FALLS,ONTARIO
2013-02-07 14:00,2013,2,7,14:00,,,,,,,,,,,,,,,,,,,,HIGH FALLS,ONTARIO
2013-02-07 15:00,2013,2,7,15:00,,,,,,,,,,,,,,,,,,,,HIGH FALLS,ONTARIO
2013-02-07 16:00,2013,2,7,16:00,,,,,,,,,,,,,,,,,,,,HIGH FALLS,ONTARIO
2013-02-07 17:00,2013,2,7,17:00,,,,,,,,,,,,,,,,,,,,HIGH FALLS,ONTARIO
2013-02-07 18:00,2013,2,7,18:00,,,,,,,,,,,,,,,,,,,,HIGH FALLS,ONTARIO
2013-02-07 19:00,2013,2,7,19:00,,,,,,,,,,,,,,,,,,,,HIGH FALLS,ONTARIO
2013-02-07 20:00,2013,2,7,20:00,,,,,,,,,,,,,,,,,,,,HIGH FALLS,ONTARIO
2013-02-07 21:00,2013,2,7,21:00,,,,,,,,,,,,,,,,,,,,HIGH FALLS,ONTARIO
2013-02-07 22:00,2013,2,7,22:00,,,,,,,,,,,,,,,,,,,,HIGH FALLS,ONTARIO
2013-02-07 23:00,2013,2,7,23:00,,,,,,,,,,,,,,,,,,,,HIGH FALLS,ONTARIO
2013-02-08 00:00,2013,2,8,00:00,,,,,,,,,,,,,,,,,,,,HIGH FALLS,ONTARIO
2013-02-08 01:00,2013,2,8,01:00,,,,,,,,,,,,,,,,,,,,HIGH FALLS,ONTARIO
2013-02-08 02:00,2013,2,8,02:00,,,,,,,,,,,,,,,,,,,,HIGH FALLS,ONTARIO
2013-02-08 03:00,2013,2,8,03:00,,,,,,,,,,,,,,,,,,,,HIGH FALLS,ONTARIO
2013-02-08 04:00,2013,2,8,04:00,,,,,,,,,,,,,,,,,,,,HIGH FALLS,ONTARIO
2013-02-08 05:00,2013,2,8,05:00,,,,,,,,,,,,,,,,,,,,HIGH FALLS,ONTARIO
2013-02-08 06:00,2013,2,8,06:00,,,,,,,,,,,,,,,,,,,,HIGH FALLS,ONTARIO
2013-02-08 07:00,2013,2,8,07:00,,,,,,,,,,,,,,,,,,,,HIGH FALLS,ONTARIO
2013-02-08 08:00,2013,2,8,08:00,,,,,,,,,,,,,,,,,,,,HIGH FALLS,ONTARIO
2013-02-08 09:00,2013,2,8,09:00,,,,,,,,,,,,,,,,,,,,HIGH FALLS,ONTARIO
2013-02-08 10:00,2013,2,8,10:00,,,,,,,,,,,,,,,,,,,,HIGH FALLS,ONTARIO
2013-02-08 11:00,2013,2,8,11:00,,,,,,,,,,,,,,,,,,,,HIGH FALLS,ONTARIO
2013-02-08 12:00,2013,2,8,12:00,,,,,,,,,,,,,,,,,,,,HIGH FALLS,ONTARIO
2013-02-08 13:00,2013,2,8,13:00,,,,,,,,,,,,,,,,,,,,HIGH FALLS,ONTARIO
2013-02-08 14:00,2013,2,8,14:00,,,,,,,,,,,,,,,,,,,,HIGH FALLS,ONTARIO
2013-02-08 15:00,2013,2,8,15:00,,,,,,,,,,,,,,,,,,,,HIGH FALLS,ONTARIO
2013-02-08 16:00,2013,2,8,16:00,,,,,,,,,,,,,,,,,,,,HIGH FALLS,ONTARIO
2013-02-08 17:00,2013,2,8,17:00,,,,,,,,,,,,,,,,,,,,HIGH FALLS,ONTARIO
2013-02-08 18:00,2013,2,8,18:00,,,,,,,,,,,,,,,,,,,,HIGH FALLS,ONTARIO
2013-02-08 19:00,2013,2,8,19:00,,,,,,,,,,,,,,,,,,,,HIGH FALLS,ONTARIO
2013-02-08 20:00,2013,2,8,20:00,,,,,,,,,,,,,,,,,,,,HIGH FALLS,ONTARIO
2013-02-08 21:00,2013,2,8,21:00,,,,,,,,,,,,,,,,,,,,HIGH FALLS,ONTARIO
2013-02-08 22:00,2013,2,8,22:00,,,,,,,,,,,,,,,,,,,,HIGH FALLS,ONTARIO
2013-02-08 23:00,2013,2,8,23:00,,,,,,,,,,,,,,,,,,,,HIGH FALLS,ONTARIO
2013-02-09 00:00,2013,2,9,00:00,,,,,,,,,,,,,,,,,,,,HIGH FALLS,ONTARIO
2013-02-09 01:00,2013,2,9,01:00,,,,,,,,,,,,,,,,,,,,HIGH FALLS,ONTARIO
2013-02-09 02:00,2013,2,9,02:00,,,,,,,,,,,,,,,,,,,,HIGH FALLS,ONTARIO
2013-02-09 03:00,2013,2,9,03:00,,,,,,,,,,,,,,,,,,,,HIGH FALLS,ONTARIO
2013-02-09 04:00,2013,2,9,04:00,,,,,,,,,,,,,,,,,,,,HIGH FALLS,ONTARIO
2013-02-09 05:00,2013,2,9,05:00,,,,,,,,,,,,,,,,,,,,HIGH FALLS,ONTARIO
2013-02-09 06:00,2013,2,9,06:00,,,,,,,,,,,,,,,,,,,,HIGH FALLS,ONTARIO
2013-02-09 07:00,2013,2,9,07:00,,,,,,,,,,,,,,,,,,,,HIGH FALLS,ONTARIO
2013-02-09 08:00,2013,2,9,08:00,,,,,,,,,,,,,,,,,,,,HIGH FALLS,ONTARIO
2013-02-09 09:00,2013,2,9,09:00,,,,,,,,,,,,,,,,,,,,HIGH FALLS,ONTARIO
2013-02-09 10:00,2013,2,9,10:00,,,,,,,,,,,,,,,,,,,,HIGH FALLS,ONTARIO
2013-02-09 11:00,2013,2,9,11:00,,,,,,,,,,,,,,,,,,,,HIGH FALLS,ONTARIO
2013-02-09 12:00,2013,2,9,12:00,,,,,,,,,,,,,,,,,,,,HIGH FALLS,ONTARIO
2013-02-09 13:00,2013,2,9,13:00,,,,,,,,,,,,,,,,,,,,HIGH FALLS,ONTARIO
2013-02-09 14:00,2013,2,9,14:00,,,,,,,,,,,,,,,,,,,,HIGH FALLS,ONTARIO
2013-02-09 15:00,2013,2,9,15:00,,,,,,,,,,,,,,,,,,,,HIGH FALLS,ONTARIO
2013-02-09 16:00,2013,2,9,16:00,,,,,,,,,,,,,,,,,,,,HIGH FALLS,ONTARIO
2013-02-09 17:00,2013,2,9,17:00,,,,,,,,,,,,,,,,,,,,HIGH FALLS,ONTARIO
2013-02-09 18:00,2013,2,9,18:00,,,,,,,,,,,,,,,,,,,,HIGH FALLS,ONTARIO
2013-02-09 19:00,2013,2,9,19:00,,,,,,,,,,,,,,,,,,,,HIGH FALLS,ONTARIO
2013-02-09 20:00,2013,2,9,20:00,,,,,,,,,,,,,,,,,,,,HIGH FALLS,ONTARIO
2013-02-09 21:00,2013,2,9,21:00,,,,,,,,,,,,,,,,,,,,HIGH FALLS,ONTARIO
2013-02-09 22:00,2013,2,9,22:00,,,,,,,,,,,,,,,,,,,,HIGH FALLS,ONTARIO
2013-02-09 23:00,2013,2,9,23:00,,,,,,,,,,,,,,,,,,,,HIGH FALLS,ONTARIO
2013-02-10 00:00,2013,2,10,00:00,,,,,,,,,,,,,,,,,,,,HIGH FALLS,ONTARIO
2013-02-10 01:00,2013,2,10,01:00,,,,,,,,,,,,,,,,,,,,HIGH FALLS,ONTARIO
2013-02-10 02:00,2013,2,10,02:00,,,,,,,,,,,,,,,,,,,,HIGH FALLS,ONTARIO
2013-02-10 03:00,2013,2,10,03:00,,,,,,,,,,,,,,,,,,,,HIGH FALLS,ONTARIO
2013-02-10 04:00,2013,2,10,04:00,,,,,,,,,,,,,,,,,,,,HIGH FALLS,ONTARIO
2013-02-10 05:00,2013,2,10,05:00,,,,,,,,,,,,,,,,,,,,HIGH FALLS,ONTARIO
2013-02-10 06:00,2013,2,10,06:00,,,,,,,,,,,,,,,,,,,,HIGH FALLS,ONTARIO
2013-02-10 07:00,2013,2,10,07:00,,,,,,,,,,,,,,,,,,,,HIGH FALLS,ONTARIO
2013-02-10 08:00,2013,2,10,08:00,,,,,,,,,,,,,,,,,,,,HIGH FALLS,ONTARIO
2013-02-10 09:00,2013,2,10,09:00,,,,,,,,,,,,,,,,,,,,HIGH FALLS,ONTARIO
2013-02-10 10:00,2013,2,10,10:00,,,,,,,,,,,,,,,,,,,,HIGH FALLS,ONTARIO
2013-02-10 11:00,2013,2,10,11:00,,,,,,,,,,,,,,,,,,,,HIGH FALLS,ONTARIO
2013-02-10 12:00,2013,2,10,12:00,,,,,,,,,,,,,,,,,,,,HIGH FALLS,ONTARIO
2013-02-10 13:00,2013,2,10,13:00,,,,,,,,,,,,,,,,,,,,HIGH FALLS,ONTARIO
2013-02-10 14:00,2013,2,10,14:00,,,,,,,,,,,,,,,,,,,,HIGH FALLS,ONTARIO
2013-02-10 15:00,2013,2,10,15:00,,,,,,,,,,,,,,,,,,,,HIGH FALLS,ONTARIO
2013-02-10 16:00,2013,2,10,16:00,,,,,,,,,,,,,,,,,,,,HIGH FALLS,ONTARIO
2013-02-10 17:00,2013,2,10,17:00,,,,,,,,,,,,,,,,,,,,HIGH FALLS,ONTARIO
2013-02-10 18:00,2013,2,10,18:00,,,,,,,,,,,,,,,,,,,,HIGH FALLS,ONTARIO
2013-02-10 19:00,2013,2,10,19:00,,,,,,,,,,,,,,,,,,,,HIGH FALLS,ONTARIO
2013-02-10 20:00,2013,2,10,20:00,,,,,,,,,,,,,,,,,,,,HIGH FALLS,ONTARIO
2013-02-10 21:00,2013,2,10,21:00,,,,,,,,,,,,,,,,,,,,HIGH FALLS,ONTARIO
2013-02-10 22:00,2013,2,10,22:00,,,,,,,,,,,,,,,,,,,,HIGH FALLS,ONTARIO
2013-02-10 23:00,2013,2,10,23:00,,,,,,,,,,,,,,,,,,,,HIGH FALLS,ONTARIO
2013-02-11 00:00,2013,2,11,00:00,,,,,,,,,,,,,,,,,,,,HIGH FALLS,ONTARIO
2013-02-11 01:00,2013,2,11,01:00,,,,,,,,,,,,,,,,,,,,HIGH FALLS,ONTARIO
2013-02-11 02:00,2013,2,11,02:00,,,,,,,,,,,,,,,,,,,,HIGH FALLS,ONTARIO
2013-02-11 03:00,2013,2,11,03:00,,,,,,,,,,,,,,,,,,,,HIGH FALLS,ONTARIO
2013-02-11 04:00,2013,2,11,04:00,,,,,,,,,,,,,,,,,,,,HIGH FALLS,ONTARIO
2013-02-11 05:00,2013,2,11,05:00,,,,,,,,,,,,,,,,,,,,HIGH FALLS,ONTARIO
2013-02-11 06:00,2013,2,11,06:00,,,,,,,,,,,,,,,,,,,,HIGH FALLS,ONTARIO
2013-02-11 07:00,2013,2,11,07:00,,,,,,,,,,,,,,,,,,,,HIGH FALLS,ONTARIO
2013-02-11 08:00,2013,2,11,08:00,,,,,,,,,,,,,,,,,,,,HIGH FALLS,ONTARIO
2013-02-11 09:00,2013,2,11,09:00,,,,,,,,,,,,,,,,,,,,HIGH FALLS,ONTARIO
2013-02-11 10:00,2013,2,11,10:00,,,,,,,,,,,,,,,,,,,,HIGH FALLS,ONTARIO
2013-02-11 11:00,2013,2,11,11:00,,,,,,,,,,,,,,,,,,,,HIGH FALLS,ONTARIO
2013-02-11 12:00,2013,2,11,12:00,,,,,,,,,,,,,,,,,,,,HIGH FALLS,ONTARIO
2013-02-11 13:00,2013,2,11,13:00,,,,,,,,,,,,,,,,,,,,HIGH FALLS,ONTARIO
2013-02-11 14:00,2013,2,11,14:00,,,,,,,,,,,,,,,,,,,,HIGH FALLS,ONTARIO
2013-02-11 15:00,2013,2,11,15:00,,,,,,,,,,,,,,,,,,,,HIGH FALLS,ONTARIO
2013-02-11 16:00,2013,2,11,16:00,,,,,,,,,,,,,,,,,,,,HIGH FALLS,ONTARIO
2013-02-11 17:00,2013,2,11,17:00,,,,,,,,,,,,,,,,,,,,HIGH FALLS,ONTARIO
2013-02-11 18:00,2013,2,11,18:00,,,,,,,,,,,,,,,,,,,,HIGH FALLS,ONTARIO
2013-02-11 19:00,2013,2,11,19:00,,,,,,,,,,,,,,,,,,,,HIGH FALLS,ONTARIO
2013-02-11 20:00,2013,2,11,20:00,,,,,,,,,,,,,,,,,,,,HIGH FALLS,ONTARIO
2013-02-11 21:00,2013,2,11,21:00,,,,,,,,,,,,,,,,,,,,HIGH FALLS,ONTARIO
2013-02-11 22:00,2013,2,11,22:00,,,,,,,,,,,,,,,,,,,,HIGH FALLS,ONTARIO
2013-02-11 23:00,2013,2,11,23:00,,,,,,,,,,,,,,,,,,,,HIGH FALLS,ONTARIO
2013-02-12 00:00,2013,2,12,00:00,,,,,,,,,,,,,,,,,,,,HIGH FALLS,ONTARIO
2013-02-12 01:00,2013,2,12,01:00,,,,,,,,,,,,,,,,,,,,HIGH FALLS,ONTARIO
2013-02-12 02:00,2013,2,12,02:00,,,,,,,,,,,,,,,,,,,,HIGH FALLS,ONTARIO
2013-02-12 03:00,2013,2,12,03:00,,,,,,,,,,,,,,,,,,,,HIGH FALLS,ONTARIO
2013-02-12 04:00,2013,2,12,04:00,,,,,,,,,,,,,,,,,,,,HIGH FALLS,ONTARIO
2013-02-12 05:00,2013,2,12,05:00,,,,,,,,,,,,,,,,,,,,HIGH FALLS,ONTARIO
2013-02-12 06:00,2013,2,12,06:00,,,,,,,,,,,,,,,,,,,,HIGH FALLS,ONTARIO
2013-02-12 07:00,2013,2,12,07:00,,,,,,,,,,,,,,,,,,,,HIGH FALLS,ONTARIO
2013-02-12 08:00,2013,2,12,08:00,,,,,,,,,,,,,,,,,,,,HIGH FALLS,ONTARIO
2013-02-12 09:00,2013,2,12,09:00,,,,,,,,,,,,,,,,,,,,HIGH FALLS,ONTARIO
2013-02-12 10:00,2013,2,12,10:00,,,,,,,,,,,,,,,,,,,,HIGH FALLS,ONTARIO
2013-02-12 11:00,2013,2,12,11:00,,,,,,,,,,,,,,,,,,,,HIGH FALLS,ONTARIO
2013-02-12 12:00,2013,2,12,12:00,,,,,,,,,,,,,,,,,,,,HIGH FALLS,ONTARIO
2013-02-12 13:00,2013,2,12,13:00,,,,,,,,,,,,,,,,,,,,HIGH FALLS,ONTARIO
2013-02-12 14:00,2013,2,12,14:00,,,,,,,,,,,,,,,,,,,,HIGH FALLS,ONTARIO
2013-02-12 15:00,2013,2,12,15:00,,,,,,,,,,,,,,,,,,,,HIGH FALLS,ONTARIO
2013-02-12 16:00,2013,2,12,16:00,,,,,,,,,,,,,,,,,,,,HIGH FALLS,ONTARIO
2013-02-12 17:00,2013,2,12,17:00,,,,,,,,,,,,,,,,,,,,HIGH FALLS,ONTARIO
2013-02-12 18:00,2013,2,12,18:00,,,,,,,,,,,,,,,,,,,,HIGH FALLS,ONTARIO
2013-02-12 19:00,2013,2,12,19:00,,,,,,,,,,,,,,,,,,,,HIGH FALLS,ONTARIO
2013-02-12 20:00,2013,2,12,20:00,,,,,,,,,,,,,,,,,,,,HIGH FALLS,ONTARIO
2013-02-12 21:00,2013,2,12,21:00,,,,,,,,,,,,,,,,,,,,HIGH FALLS,ONTARIO
2013-02-12 22:00,2013,2,12,22:00,,,,,,,,,,,,,,,,,,,,HIGH FALLS,ONTARIO
2013-02-12 23:00,2013,2,12,23:00,,,,,,,,,,,,,,,,,,,,HIGH FALLS,ONTARIO
2013-02-13 00:00,2013,2,13,00:00,,,,,,,,,,,,,,,,,,,,HIGH FALLS,ONTARIO
2013-02-13 01:00,2013,2,13,01:00,,,,,,,,,,,,,,,,,,,,HIGH FALLS,ONTARIO
2013-02-13 02:00,2013,2,13,02:00,,,,,,,,,,,,,,,,,,,,HIGH FALLS,ONTARIO
2013-02-13 03:00,2013,2,13,03:00,,,,,,,,,,,,,,,,,,,,HIGH FALLS,ONTARIO
2013-02-13 04:00,2013,2,13,04:00,,,,,,,,,,,,,,,,,,,,HIGH FALLS,ONTARIO
2013-02-13 05:00,2013,2,13,05:00,,,,,,,,,,,,,,,,,,,,HIGH FALLS,ONTARIO
2013-02-13 06:00,2013,2,13,06:00,,,,,,,,,,,,,,,,,,,,HIGH FALLS,ONTARIO
2013-02-13 07:00,2013,2,13,07:00,,,,,,,,,,,,,,,,,,,,HIGH FALLS,ONTARIO
2013-02-13 08:00,2013,2,13,08:00,,,,,,,,,,,,,,,,,,,,HIGH FALLS,ONTARIO
2013-02-13 09:00,2013,2,13,09:00,,,,,,,,,,,,,,,,,,,,HIGH FALLS,ONTARIO
2013-02-13 10:00,2013,2,13,10:00,,,,,,,,,,,,,,,,,,,,HIGH FALLS,ONTARIO
2013-02-13 11:00,2013,2,13,11:00,,,,,,,,,,,,,,,,,,,,HIGH FALLS,ONTARIO
2013-02-13 12:00,2013,2,13,12:00,,,,,,,,,,,,,,,,,,,,HIGH FALLS,ONTARIO
2013-02-13 13:00,2013,2,13,13:00,,,,,,,,,,,,,,,,,,,,HIGH FALLS,ONTARIO
2013-02-13 14:00,2013,2,13,14:00,,,,,,,,,,,,,,,,,,,,HIGH FALLS,ONTARIO
2013-02-13 15:00,2013,2,13,15:00,,,,,,,,,,,,,,,,,,,,HIGH FALLS,ONTARIO
2013-02-13 16:00,2013,2,13,16:00,,,,,,,,,,,,,,,,,,,,HIGH FALLS,ONTARIO
2013-02-13 17:00,2013,2,13,17:00,,,,,,,,,,,,,,,,,,,,HIGH FALLS,ONTARIO
2013-02-13 18:00,2013,2,13,18:00,,,,,,,,,,,,,,,,,,,,HIGH FALLS,ONTARIO
2013-02-13 19:00,2013,2,13,19:00,,,,,,,,,,,,,,,,,,,,HIGH FALLS,ONTARIO
2013-02-13 20:00,2013,2,13,20:00,,,,,,,,,,,,,,,,,,,,HIGH FALLS,ONTARIO
2013-02-13 21:00,2013,2,13,21:00,,,,,,,,,,,,,,,,,,,,HIGH FALLS,ONTARIO
2013-02-13 22:00,2013,2,13,22:00,,,,,,,,,,,,,,,,,,,,HIGH FALLS,ONTARIO
2013-02-13 23:00,2013,2,13,23:00,,,,,,,,,,,,,,,,,,,,HIGH FALLS,ONTARIO
2013-02-14 00:00,2013,2,14,00:00,,,,,,,,,,,,,,,,,,,,HIGH FALLS,ONTARIO
2013-02-14 01:00,2013,2,14,01:00,,,,,,,,,,,,,,,,,,,,HIGH FALLS,ONTARIO
2013-02-14 02:00,2013,2,14,02:00,,,,,,,,,,,,,,,,,,,,HIGH FALLS,ONTARIO
2013-02-14 03:00,2013,2,14,03:00,,,,,,,,,,,,,,,,,,,,HIGH FALLS,ONTARIO
2013-02-14 04:00,2013,2,14,04:00,,,,,,,,,,,,,,,,,,,,HIGH FALLS,ONTARIO
2013-02-14 05:00,2013,2,14,05:00,,,,,,,,,,,,,,,,,,,,HIGH FALLS,ONTARIO
2013-02-14 06:00,2013,2,14,06:00,,,,,,,,,,,,,,,,,,,,HIGH FALLS,ONTARIO
2013-02-14 07:00,2013,2,14,07:00,,,,,,,,,,,,,,,,,,,,HIGH FALLS,ONTARIO
2013-02-14 08:00,2013,2,14,08:00,,,,,,,,,,,,,,,,,,,,HIGH FALLS,ONTARIO
2013-02-14 09:00,2013,2,14,09:00,,,,,,,,,,,,,,,,,,,,HIGH FALLS,ONTARIO
2013-02-14 10:00,2013,2,14,10:00,,,,,,,,,,,,,,,,,,,,HIGH FALLS,ONTARIO
2013-02-14 11:00,2013,2,14,11:00,,,,,,,,,,,,,,,,,,,,HIGH FALLS,ONTARIO
2013-02-14 12:00,2013,2,14,12:00,,,,,,,,,,,,,,,,,,,,HIGH FALLS,ONTARIO
2013-02-14 13:00,2013,2,14,13:00,,,,,,,,,,,,,,,,,,,,HIGH FALLS,ONTARIO
2013-02-14 14:00,2013,2,14,14:00,,,,,,,,,,,,,,,,,,,,HIGH FALLS,ONTARIO
2013-02-14 15:00,2013,2,14,15:00,,,,,,,,,,,,,,,,,,,,HIGH FALLS,ONTARIO
2013-02-14 16:00,2013,2,14,16:00,,,,,,,,,,,,,,,,,,,,HIGH FALLS,ONTARIO
2013-02-14 17:00,2013,2,14,17:00,,,,,,,,,,,,,,,,,,,,HIGH FALLS,ONTARIO
2013-02-14 18:00,2013,2,14,18:00,,,,,,,,,,,,,,,,,,,,HIGH FALLS,ONTARIO
2013-02-14 19:00,2013,2,14,19:00,,,,,,,,,,,,,,,,,,,,HIGH FALLS,ONTARIO
2013-02-14 20:00,2013,2,14,20:00,,,,,,,,,,,,,,,,,,,,HIGH FALLS,ONTARIO
2013-02-14 21:00,2013,2,14,21:00,,,,,,,,,,,,,,,,,,,,HIGH FALLS,ONTARIO
2013-02-14 22:00,2013,2,14,22:00,,,,,,,,,,,,,,,,,,,,HIGH FALLS,ONTARIO
2013-02-14 23:00,2013,2,14,23:00,,,,,,,,,,,,,,,,,,,,HIGH FALLS,ONTARIO
2013-02-15 00:00,2013,2,15,00:00,,,,,,,,,,,,,,,,,,,,HIGH FALLS,ONTARIO
2013-02-15 01:00,2013,2,15,01:00,,,,,,,,,,,,,,,,,,,,HIGH FALLS,ONTARIO
2013-02-15 02:00,2013,2,15,02:00,,,,,,,,,,,,,,,,,,,,HIGH FALLS,ONTARIO
2013-02-15 03:00,2013,2,15,03:00,,,,,,,,,,,,,,,,,,,,HIGH FALLS,ONTARIO
2013-02-15 04:00,2013,2,15,04:00,,,,,,,,,,,,,,,,,,,,HIGH FALLS,ONTARIO
2013-02-15 05:00,2013,2,15,05:00,,,,,,,,,,,,,,,,,,,,HIGH FALLS,ONTARIO
2013-02-15 06:00,2013,2,15,06:00,,,,,,,,,,,,,,,,,,,,HIGH FALLS,ONTARIO
2013-02-15 07:00,2013,2,15,07:00,,,,,,,,,,,,,,,,,,,,HIGH FALLS,ONTARIO
2013-02-15 08:00,2013,2,15,08:00,,,,,,,,,,,,,,,,,,,,HIGH FALLS,ONTARIO
2013-02-15 09:00,2013,2,15,09:00,,,,,,,,,,,,,,,,,,,,HIGH FALLS,ONTARIO
2013-02-15 10:00,2013,2,15,10:00,,,,,,,,,,,,,,,,,,,,HIGH FALLS,ONTARIO
2013-02-15 11:00,2013,2,15,11:00,,,,,,,,,,,,,,,,,,,,HIGH FALLS,ONTARIO
2013-02-15 12:00,2013,2,15,12:00,,,,,,,,,,,,,,,,,,,,HIGH FALLS,ONTARIO
2013-02-15 13:00,2013,2,15,13:00,,,,,,,,,,,,,,,,,,,,HIGH FALLS,ONTARIO
2013-02-15 14:00,2013,2,15,14:00,,,,,,,,,,,,,,,,,,,,HIGH FALLS,ONTARIO
2013-02-15 15:00,2013,2,15,15:00,,,,,,,,,,,,,,,,,,,,HIGH FALLS,ONTARIO
2013-02-15 16:00,2013,2,15,16:00,,,,,,,,,,,,,,,,,,,,HIGH FALLS,ONTARIO
2013-02-15 17:00,2013,2,15,17:00,,,,,,,,,,,,,,,,,,,,HIGH FALLS,ONTARIO
2013-02-15 18:00,2013,2,15,18:00,,,,,,,,,,,,,,,,,,,,HIGH FALLS,ONTARIO
2013-02-15 19:00,2013,2,15,19:00,,,,,,,,,,,,,,,,,,,,HIGH FALLS,ONTARIO
2013-02-15 20:00,2013,2,15,20:00,,,,,,,,,,,,,,,,,,,,HIGH FALLS,ONTARIO
2013-02-15 21:00,2013,2,15,21:00,,,,,,,,,,,,,,,,,,,,HIGH FALLS,ONTARIO
2013-02-15 22:00,2013,2,15,22:00,,,,,,,,,,,,,,,,,,,,HIGH FALLS,ONTARIO
2013-02-15 23:00,2013,2,15,23:00,,,,,,,,,,,,,,,,,,,,HIGH FALLS,ONTARIO
2013-02-16 00:00,2013,2,16,00:00,,,,,,,,,,,,,,,,,,,,HIGH FALLS,ONTARIO
2013-02-16 01:00,2013,2,16,01:00,,,,,,,,,,,,,,,,,,,,HIGH FALLS,ONTARIO
2013-02-16 02:00,2013,2,16,02:00,,,,,,,,,,,,,,,,,,,,HIGH FALLS,ONTARIO
2013-02-16 03:00,2013,2,16,03:00,,,,,,,,,,,,,,,,,,,,HIGH FALLS,ONTARIO
2013-02-16 04:00,2013,2,16,04:00,,,,,,,,,,,,,,,,,,,,HIGH FALLS,ONTARIO
2013-02-16 05:00,2013,2,16,05:00,,,,,,,,,,,,,,,,,,,,HIGH FALLS,ONTARIO
2013-02-16 06:00,2013,2,16,06:00,,,,,,,,,,,,,,,,,,,,HIGH FALLS,ONTARIO
2013-02-16 07:00,2013,2,16,07:00,,,,,,,,,,,,,,,,,,,,HIGH FALLS,ONTARIO
2013-02-16 08:00,2013,2,16,08:00,,,,,,,,,,,,,,,,,,,,HIGH FALLS,ONTARIO
2013-02-16 09:00,2013,2,16,09:00,,,,,,,,,,,,,,,,,,,,HIGH FALLS,ONTARIO
2013-02-16 10:00,2013,2,16,10:00,,,,,,,,,,,,,,,,,,,,HIGH FALLS,ONTARIO
2013-02-16 11:00,2013,2,16,11:00,,,,,,,,,,,,,,,,,,,,HIGH FALLS,ONTARIO
2013-02-16 12:00,2013,2,16,12:00,,,,,,,,,,,,,,,,,,,,HIGH FALLS,ONTARIO
2013-02-16 13:00,2013,2,16,13:00,,,,,,,,,,,,,,,,,,,,HIGH FALLS,ONTARIO
2013-02-16 14:00,2013,2,16,14:00,,,,,,,,,,,,,,,,,,,,HIGH FALLS,ONTARIO
2013-02-16 15:00,2013,2,16,15:00,,,,,,,,,,,,,,,,,,,,HIGH FALLS,ONTARIO
2013-02-16 16:00,2013,2,16,16:00,,,,,,,,,,,,,,,,,,,,HIGH FALLS,ONTARIO
2013-02-16 17:00,2013,2,16,17:00,,,,,,,,,,,,,,,,,,,,HIGH FALLS,ONTARIO
2013-02-16 18:00,2013,2,16,18:00,,,,,,,,,,,,,,,,,,,,HIGH FALLS,ONTARIO
2013-02-16 19:00,2013,2,16,19:00,,,,,,,,,,,,,,,,,,,,HIGH FALLS,ONTARIO
2013-02-16 20:00,2013,2,16,20:00,,,,,,,,,,,,,,,,,,,,HIGH FALLS,ONTARIO
2013-02-16 21:00,2013,2,16,21:00,,,,,,,,,,,,,,,,,,,,HIGH FALLS,ONTARIO
2013-02-16 22:00,2013,2,16,22:00,,,,,,,,,,,,,,,,,,,,HIGH FALLS,ONTARIO
2013-02-16 23:00,2013,2,16,23:00,,,,,,,,,,,,,,,,,,,,HIGH FALLS,ONTARIO
2013-02-17 00:00,2013,2,17,00:00,,,,,,,,,,,,,,,,,,,,HIGH FALLS,ONTARIO
2013-02-17 01:00,2013,2,17,01:00,,,,,,,,,,,,,,,,,,,,HIGH FALLS,ONTARIO
2013-02-17 02:00,2013,2,17,02:00,,,,,,,,,,,,,,,,,,,,HIGH FALLS,ONTARIO
2013-02-17 03:00,2013,2,17,03:00,,,,,,,,,,,,,,,,,,,,HIGH FALLS,ONTARIO
2013-02-17 04:00,2013,2,17,04:00,,,,,,,,,,,,,,,,,,,,HIGH FALLS,ONTARIO
2013-02-17 05:00,2013,2,17,05:00,,,,,,,,,,,,,,,,,,,,HIGH FALLS,ONTARIO
2013-02-17 06:00,2013,2,17,06:00,,,,,,,,,,,,,,,,,,,,HIGH FALLS,ONTARIO
2013-02-17 07:00,2013,2,17,07:00,,,,,,,,,,,,,,,,,,,,HIGH FALLS,ONTARIO
2013-02-17 08:00,2013,2,17,08:00,,,,,,,,,,,,,,,,,,,,HIGH FALLS,ONTARIO
2013-02-17 09:00,2013,2,17,09:00,,,,,,,,,,,,,,,,,,,,HIGH FALLS,ONTARIO
2013-02-17 10:00,2013,2,17,10:00,,,,,,,,,,,,,,,,,,,,HIGH FALLS,ONTARIO
2013-02-17 11:00,2013,2,17,11:00,,,,,,,,,,,,,,,,,,,,HIGH FALLS,ONTARIO
2013-02-17 12:00,2013,2,17,12:00,,,,,,,,,,,,,,,,,,,,HIGH FALLS,ONTARIO
2013-02-17 13:00,2013,2,17,13:00,,,,,,,,,,,,,,,,,,,,HIGH FALLS,ONTARIO
2013-02-17 14:00,2013,2,17,14:00,,,,,,,,,,,,,,,,,,,,HIGH FALLS,ONTARIO
2013-02-17 15:00,2013,2,17,15:00,,,,,,,,,,,,,,,,,,,,HIGH FALLS,ONTARIO
2013-02-17 16:00,2013,2,17,16:00,,,,,,,,,,,,,,,,,,,,HIGH FALLS,ONTARIO
2013-02-17 17:00,2013,2,17,17:00,,,,,,,,,,,,,,,,,,,,HIGH FALLS,ONTARIO
2013-02-17 18:00,2013,2,17,18:00,,,,,,,,,,,,,,,,,,,,HIGH FALLS,ONTARIO
2013-02-17 19:00,2013,2,17,19:00,,,,,,,,,,,,,,,,,,,,HIGH FALLS,ONTARIO
2013-02-17 20:00,2013,2,17,20:00,,,,,,,,,,,,,,,,,,,,HIGH FALLS,ONTARIO
2013-02-17 21:00,2013,2,17,21:00,,,,,,,,,,,,,,,,,,,,HIGH FALLS,ONTARIO
2013-02-17 22:00,2013,2,17,22:00,,,,,,,,,,,,,,,,,,,,HIGH FALLS,ONTARIO
2013-02-17 23:00,2013,2,17,23:00,,,,,,,,,,,,,,,,,,,,HIGH FALLS,ONTARIO
2013-02-18 00:00,2013,2,18,00:00,,,,,,,,,,,,,,,,,,,,HIGH FALLS,ONTARIO
2013-02-18 01:00,2013,2,18,01:00,,,,,,,,,,,,,,,,,,,,HIGH FALLS,ONTARIO
2013-02-18 02:00,2013,2,18,02:00,,,,,,,,,,,,,,,,,,,,HIGH FALLS,ONTARIO
2013-02-18 03:00,2013,2,18,03:00,,,,,,,,,,,,,,,,,,,,HIGH FALLS,ONTARIO
2013-02-18 04:00,2013,2,18,04:00,,,,,,,,,,,,,,,,,,,,HIGH FALLS,ONTARIO
2013-02-18 05:00,2013,2,18,05:00,,,,,,,,,,,,,,,,,,,,HIGH FALLS,ONTARIO
2013-02-18 06:00,2013,2,18,06:00,,,,,,,,,,,,,,,,,,,,HIGH FALLS,ONTARIO
2013-02-18 07:00,2013,2,18,07:00,,,,,,,,,,,,,,,,,,,,HIGH FALLS,ONTARIO
2013-02-18 08:00,2013,2,18,08:00,,,,,,,,,,,,,,,,,,,,HIGH FALLS,ONTARIO
2013-02-18 09:00,2013,2,18,09:00,,,,,,,,,,,,,,,,,,,,HIGH FALLS,ONTARIO
2013-02-18 10:00,2013,2,18,10:00,,,,,,,,,,,,,,,,,,,,HIGH FALLS,ONTARIO
2013-02-18 11:00,2013,2,18,11:00,,,,,,,,,,,,,,,,,,,,HIGH FALLS,ONTARIO
2013-02-18 12:00,2013,2,18,12:00,,,,,,,,,,,,,,,,,,,,HIGH FALLS,ONTARIO
2013-02-18 13:00,2013,2,18,13:00,,,,,,,,,,,,,,,,,,,,HIGH FALLS,ONTARIO
2013-02-18 14:00,2013,2,18,14:00,,,,,,,,,,,,,,,,,,,,HIGH FALLS,ONTARIO
2013-02-18 15:00,2013,2,18,15:00,,,,,,,,,,,,,,,,,,,,HIGH FALLS,ONTARIO
2013-02-18 16:00,2013,2,18,16:00,,,,,,,,,,,,,,,,,,,,HIGH FALLS,ONTARIO
2013-02-18 17:00,2013,2,18,17:00,,,,,,,,,,,,,,,,,,,,HIGH FALLS,ONTARIO
2013-02-18 18:00,2013,2,18,18:00,,,,,,,,,,,,,,,,,,,,HIGH FALLS,ONTARIO
2013-02-18 19:00,2013,2,18,19:00,,,,,,,,,,,,,,,,,,,,HIGH FALLS,ONTARIO
2013-02-18 20:00,2013,2,18,20:00,,,,,,,,,,,,,,,,,,,,HIGH FALLS,ONTARIO
2013-02-18 21:00,2013,2,18,21:00,,,,,,,,,,,,,,,,,,,,HIGH FALLS,ONTARIO
2013-02-18 22:00,2013,2,18,22:00,,,,,,,,,,,,,,,,,,,,HIGH FALLS,ONTARIO
2013-02-18 23:00,2013,2,18,23:00,,,,,,,,,,,,,,,,,,,,HIGH FALLS,ONTARIO
2013-02-19 00:00,2013,2,19,00:00,,,,,,,,,,,,,,,,,,,,HIGH FALLS,ONTARIO
2013-02-19 01:00,2013,2,19,01:00,,,,,,,,,,,,,,,,,,,,HIGH FALLS,ONTARIO
2013-02-19 02:00,2013,2,19,02:00,,,,,,,,,,,,,,,,,,,,HIGH FALLS,ONTARIO
2013-02-19 03:00,2013,2,19,03:00,,,,,,,,,,,,,,,,,,,,HIGH FALLS,ONTARIO
2013-02-19 04:00,2013,2,19,04:00,,,,,,,,,,,,,,,,,,,,HIGH FALLS,ONTARIO
2013-02-19 05:00,2013,2,19,05:00,,,,,,,,,,,,,,,,,,,,HIGH FALLS,ONTARIO
2013-02-19 06:00,2013,2,19,06:00,,,,,,,,,,,,,,,,,,,,HIGH FALLS,ONTARIO
2013-02-19 07:00,2013,2,19,07:00,,,,,,,,,,,,,,,,,,,,HIGH FALLS,ONTARIO
2013-02-19 08:00,2013,2,19,08:00,,,,,,,,,,,,,,,,,,,,HIGH FALLS,ONTARIO
2013-02-19 09:00,2013,2,19,09:00,,,,,,,,,,,,,,,,,,,,HIGH FALLS,ONTARIO
2013-02-19 10:00,2013,2,19,10:00,,,,,,,,,,,,,,,,,,,,HIGH FALLS,ONTARIO
2013-02-19 11:00,2013,2,19,11:00,,,,,,,,,,,,,,,,,,,,HIGH FALLS,ONTARIO
2013-02-19 12:00,2013,2,19,12:00,,,,,,,,,,,,,,,,,,,,HIGH FALLS,ONTARIO
2013-02-19 13:00,2013,2,19,13:00,,,,,,,,,,,,,,,,,,,,HIGH FALLS,ONTARIO
2013-02-19 14:00,2013,2,19,14:00,,,,,,,,,,,,,,,,,,,,HIGH FALLS,ONTARIO
2013-02-19 15:00,2013,2,19,15:00,,,,,,,,,,,,,,,,,,,,HIGH FALLS,ONTARIO
2013-02-19 16:00,2013,2,19,16:00,,,,,,,,,,,,,,,,,,,,HIGH FALLS,ONTARIO
2013-02-19 17:00,2013,2,19,17:00,,,,,,,,,,,,,,,,,,,,HIGH FALLS,ONTARIO
2013-02-19 18:00,2013,2,19,18:00,,,,,,,,,,,,,,,,,,,,HIGH FALLS,ONTARIO
2013-02-19 19:00,2013,2,19,19:00,,,,,,,,,,,,,,,,,,,,HIGH FALLS,ONTARIO
2013-02-19 20:00,2013,2,19,20:00,,,,,,,,,,,,,,,,,,,,HIGH FALLS,ONTARIO
2013-02-19 21:00,2013,2,19,21:00,,,,,,,,,,,,,,,,,,,,HIGH FALLS,ONTARIO
2013-02-19 22:00,2013,2,19,22:00,,,,,,,,,,,,,,,,,,,,HIGH FALLS,ONTARIO
2013-02-19 23:00,2013,2,19,23:00,,,,,,,,,,,,,,,,,,,,HIGH FALLS,ONTARIO
2013-02-20 00:00,2013,2,20,00:00,,,,,,,,,,,,,,,,,,,,HIGH FALLS,ONTARIO
2013-02-20 01:00,2013,2,20,01:00,,,,,,,,,,,,,,,,,,,,HIGH FALLS,ONTARIO
2013-02-20 02:00,2013,2,20,02:00,,,,,,,,,,,,,,,,,,,,HIGH FALLS,ONTARIO
2013-02-20 03:00,2013,2,20,03:00,,,,,,,,,,,,,,,,,,,,HIGH FALLS,ONTARIO
2013-02-20 04:00,2013,2,20,04:00,,,,,,,,,,,,,,,,,,,,HIGH FALLS,ONTARIO
2013-02-20 05:00,2013,2,20,05:00,,,,,,,,,,,,,,,,,,,,HIGH FALLS,ONTARIO
2013-02-20 06:00,2013,2,20,06:00,,,,,,,,,,,,,,,,,,,,HIGH FALLS,ONTARIO
2013-02-20 07:00,2013,2,20,07:00,,,,,,,,,,,,,,,,,,,,HIGH FALLS,ONTARIO
2013-02-20 08:00,2013,2,20,08:00,,,,,,,,,,,,,,,,,,,,HIGH FALLS,ONTARIO
2013-02-20 09:00,2013,2,20,09:00,,,,,,,,,,,,,,,,,,,,HIGH FALLS,ONTARIO
2013-02-20 10:00,2013,2,20,10:00,,,,,,,,,,,,,,,,,,,,HIGH FALLS,ONTARIO
2013-02-20 11:00,2013,2,20,11:00,,,,,,,,,,,,,,,,,,,,HIGH FALLS,ONTARIO
2013-02-20 12:00,2013,2,20,12:00,,,,,,,,,,,,,,,,,,,,HIGH FALLS,ONTARIO
2013-02-20 13:00,2013,2,20,13:00,,,,,,,,,,,,,,,,,,,,HIGH FALLS,ONTARIO
2013-02-20 14:00,2013,2,20,14:00,,,,,,,,,,,,,,,,,,,,HIGH FALLS,ONTARIO
2013-02-20 15:00,2013,2,20,15:00,,,,,,,,,,,,,,,,,,,,HIGH FALLS,ONTARIO
2013-02-20 16:00,2013,2,20,16:00,,,,,,,,,,,,,,,,,,,,HIGH FALLS,ONTARIO
2013-02-20 17:00,2013,2,20,17:00,,,,,,,,,,,,,,,,,,,,HIGH FALLS,ONTARIO
2013-02-20 18:00,2013,2,20,18:00,,,,,,,,,,,,,,,,,,,,HIGH FALLS,ONTARIO
2013-02-20 19:00,2013,2,20,19:00,,,,,,,,,,,,,,,,,,,,HIGH FALLS,ONTARIO
2013-02-20 20:00,2013,2,20,20:00,,,,,,,,,,,,,,,,,,,,HIGH FALLS,ONTARIO
2013-02-20 21:00,2013,2,20,21:00,,,,,,,,,,,,,,,,,,,,HIGH FALLS,ONTARIO
2013-02-20 22:00,2013,2,20,22:00,,,,,,,,,,,,,,,,,,,,HIGH FALLS,ONTARIO
2013-02-20 23:00,2013,2,20,23:00,,,,,,,,,,,,,,,,,,,,HIGH FALLS,ONTARIO
2013-02-21 00:00,2013,2,21,00:00,,,,,,,,,,,,,,,,,,,,HIGH FALLS,ONTARIO
2013-02-21 01:00,2013,2,21,01:00,,,,,,,,,,,,,,,,,,,,HIGH FALLS,ONTARIO
2013-02-21 02:00,2013,2,21,02:00,,,,,,,,,,,,,,,,,,,,HIGH FALLS,ONTARIO
2013-02-21 03:00,2013,2,21,03:00,,,,,,,,,,,,,,,,,,,,HIGH FALLS,ONTARIO
2013-02-21 04:00,2013,2,21,04:00,,,,,,,,,,,,,,,,,,,,HIGH FALLS,ONTARIO
2013-02-21 05:00,2013,2,21,05:00,,,,,,,,,,,,,,,,,,,,HIGH FALLS,ONTARIO
2013-02-21 06:00,2013,2,21,06:00,,,,,,,,,,,,,,,,,,,,HIGH FALLS,ONTARIO
2013-02-21 07:00,2013,2,21,07:00,,,,,,,,,,,,,,,,,,,,HIGH FALLS,ONTARIO
2013-02-21 08:00,2013,2,21,08:00,,,,,,,,,,,,,,,,,,,,HIGH FALLS,ONTARIO
2013-02-21 09:00,2013,2,21,09:00,,,,,,,,,,,,,,,,,,,,HIGH FALLS,ONTARIO
2013-02-21 10:00,2013,2,21,10:00,,,,,,,,,,,,,,,,,,,,HIGH FALLS,ONTARIO
2013-02-21 11:00,2013,2,21,11:00,,,,,,,,,,,,,,,,,,,,HIGH FALLS,ONTARIO
2013-02-21 12:00,2013,2,21,12:00,,,,,,,,,,,,,,,,,,,,HIGH FALLS,ONTARIO
2013-02-21 13:00,2013,2,21,13:00,,,,,,,,,,,,,,,,,,,,HIGH FALLS,ONTARIO
2013-02-21 14:00,2013,2,21,14:00,,,,,,,,,,,,,,,,,,,,HIGH FALLS,ONTARIO
2013-02-21 15:00,2013,2,21,15:00,,,,,,,,,,,,,,,,,,,,HIGH FALLS,ONTARIO
2013-02-21 16:00,2013,2,21,16:00,,,,,,,,,,,,,,,,,,,,HIGH FALLS,ONTARIO
2013-02-21 17:00,2013,2,21,17:00,,,,,,,,,,,,,,,,,,,,HIGH FALLS,ONTARIO
2013-02-21 18:00,2013,2,21,18:00,,,,,,,,,,,,,,,,,,,,HIGH FALLS,ONTARIO
2013-02-21 19:00,2013,2,21,19:00,,,,,,,,,,,,,,,,,,,,HIGH FALLS,ONTARIO
2013-02-21 20:00,2013,2,21,20:00,,,,,,,,,,,,,,,,,,,,HIGH FALLS,ONTARIO
2013-02-21 21:00,2013,2,21,21:00,,,,,,,,,,,,,,,,,,,,HIGH FALLS,ONTARIO
2013-02-21 22:00,2013,2,21,22:00,,,,,,,,,,,,,,,,,,,,HIGH FALLS,ONTARIO
2013-02-21 23:00,2013,2,21,23:00,,,,,,,,,,,,,,,,,,,,HIGH FALLS,ONTARIO
2013-02-22 00:00,2013,2,22,00:00,,,,,,,,,,,,,,,,,,,,HIGH FALLS,ONTARIO
2013-02-22 01:00,2013,2,22,01:00,,,,,,,,,,,,,,,,,,,,HIGH FALLS,ONTARIO
2013-02-22 02:00,2013,2,22,02:00,,,,,,,,,,,,,,,,,,,,HIGH FALLS,ONTARIO
2013-02-22 03:00,2013,2,22,03:00,,,,,,,,,,,,,,,,,,,,HIGH FALLS,ONTARIO
2013-02-22 04:00,2013,2,22,04:00,,,,,,,,,,,,,,,,,,,,HIGH FALLS,ONTARIO
2013-02-22 05:00,2013,2,22,05:00,,,,,,,,,,,,,,,,,,,,HIGH FALLS,ONTARIO
2013-02-22 06:00,2013,2,22,06:00,,,,,,,,,,,,,,,,,,,,HIGH FALLS,ONTARIO
2013-02-22 07:00,2013,2,22,07:00,,,,,,,,,,,,,,,,,,,,HIGH FALLS,ONTARIO
2013-02-22 08:00,2013,2,22,08:00,,,,,,,,,,,,,,,,,,,,HIGH FALLS,ONTARIO
2013-02-22 09:00,2013,2,22,09:00,,,,,,,,,,,,,,,,,,,,HIGH FALLS,ONTARIO
2013-02-22 10:00,2013,2,22,10:00,,,,,,,,,,,,,,,,,,,,HIGH FALLS,ONTARIO
2013-02-22 11:00,2013,2,22,11:00,,,,,,,,,,,,,,,,,,,,HIGH FALLS,ONTARIO
2013-02-22 12:00,2013,2,22,12:00,,,,,,,,,,,,,,,,,,,,HIGH FALLS,ONTARIO
2013-02-22 13:00,2013,2,22,13:00,,,,,,,,,,,,,,,,,,,,HIGH FALLS,ONTARIO
2013-02-22 14:00,2013,2,22,14:00,,,,,,,,,,,,,,,,,,,,HIGH FALLS,ONTARIO
2013-02-22 15:00,2013,2,22,15:00,,,,,,,,,,,,,,,,,,,,HIGH FALLS,ONTARIO
2013-02-22 16:00,2013,2,22,16:00,,,,,,,,,,,,,,,,,,,,HIGH FALLS,ONTARIO
2013-02-22 17:00,2013,2,22,17:00,,,,,,,,,,,,,,,,,,,,HIGH FALLS,ONTARIO
2013-02-22 18:00,2013,2,22,18:00,,,,,,,,,,,,,,,,,,,,HIGH FALLS,ONTARIO
2013-02-22 19:00,2013,2,22,19:00,,,,,,,,,,,,,,,,,,,,HIGH FALLS,ONTARIO
2013-02-22 20:00,2013,2,22,20:00,,,,,,,,,,,,,,,,,,,,HIGH FALLS,ONTARIO
2013-02-22 21:00,2013,2,22,21:00,,,,,,,,,,,,,,,,,,,,HIGH FALLS,ONTARIO
2013-02-22 22:00,2013,2,22,22:00,,,,,,,,,,,,,,,,,,,,HIGH FALLS,ONTARIO
2013-02-22 23:00,2013,2,22,23:00,,,,,,,,,,,,,,,,,,,,HIGH FALLS,ONTARIO
2013-02-23 00:00,2013,2,23,00:00,,,,,,,,,,,,,,,,,,,,HIGH FALLS,ONTARIO
2013-02-23 01:00,2013,2,23,01:00,,,,,,,,,,,,,,,,,,,,HIGH FALLS,ONTARIO
2013-02-23 02:00,2013,2,23,02:00,,,,,,,,,,,,,,,,,,,,HIGH FALLS,ONTARIO
2013-02-23 03:00,2013,2,23,03:00,,,,,,,,,,,,,,,,,,,,HIGH FALLS,ONTARIO
2013-02-23 04:00,2013,2,23,04:00,,,,,,,,,,,,,,,,,,,,HIGH FALLS,ONTARIO
2013-02-23 05:00,2013,2,23,05:00,,,,,,,,,,,,,,,,,,,,HIGH FALLS,ONTARIO
2013-02-23 06:00,2013,2,23,06:00,,,,,,,,,,,,,,,,,,,,HIGH FALLS,ONTARIO
2013-02-23 07:00,2013,2,23,07:00,,,,,,,,,,,,,,,,,,,,HIGH FALLS,ONTARIO
2013-02-23 08:00,2013,2,23,08:00,,,,,,,,,,,,,,,,,,,,HIGH FALLS,ONTARIO
2013-02-23 09:00,2013,2,23,09:00,,,,,,,,,,,,,,,,,,,,HIGH FALLS,ONTARIO
2013-02-23 10:00,2013,2,23,10:00,,,,,,,,,,,,,,,,,,,,HIGH FALLS,ONTARIO
2013-02-23 11:00,2013,2,23,11:00,,,,,,,,,,,,,,,,,,,,HIGH FALLS,ONTARIO
2013-02-23 12:00,2013,2,23,12:00,,,,,,,,,,,,,,,,,,,,HIGH FALLS,ONTARIO
2013-02-23 13:00,2013,2,23,13:00,,,,,,,,,,,,,,,,,,,,HIGH FALLS,ONTARIO
2013-02-23 14:00,2013,2,23,14:00,,,,,,,,,,,,,,,,,,,,HIGH FALLS,ONTARIO
2013-02-23 15:00,2013,2,23,15:00,,,,,,,,,,,,,,,,,,,,HIGH FALLS,ONTARIO
2013-02-23 16:00,2013,2,23,16:00,,,,,,,,,,,,,,,,,,,,HIGH FALLS,ONTARIO
2013-02-23 17:00,2013,2,23,17:00,,,,,,,,,,,,,,,,,,,,HIGH FALLS,ONTARIO
2013-02-23 18:00,2013,2,23,18:00,,,,,,,,,,,,,,,,,,,,HIGH FALLS,ONTARIO
2013-02-23 19:00,2013,2,23,19:00,,,,,,,,,,,,,,,,,,,,HIGH FALLS,ONTARIO
2013-02-23 20:00,2013,2,23,20:00,,,,,,,,,,,,,,,,,,,,HIGH FALLS,ONTARIO
2013-02-23 21:00,2013,2,23,21:00,,,,,,,,,,,,,,,,,,,,HIGH FALLS,ONTARIO
2013-02-23 22:00,2013,2,23,22:00,,,,,,,,,,,,,,,,,,,,HIGH FALLS,ONTARIO
2013-02-23 23:00,2013,2,23,23:00,,,,,,,,,,,,,,,,,,,,HIGH FALLS,ONTARIO
2013-02-24 00:00,2013,2,24,00:00,,,,,,,,,,,,,,,,,,,,HIGH FALLS,ONTARIO
2013-02-24 01:00,2013,2,24,01:00,,,,,,,,,,,,,,,,,,,,HIGH FALLS,ONTARIO
2013-02-24 02:00,2013,2,24,02:00,,,,,,,,,,,,,,,,,,,,HIGH FALLS,ONTARIO
2013-02-24 03:00,2013,2,24,03:00,,,,,,,,,,,,,,,,,,,,HIGH FALLS,ONTARIO
2013-02-24 04:00,2013,2,24,04:00,,,,,,,,,,,,,,,,,,,,HIGH FALLS,ONTARIO
2013-02-24 05:00,2013,2,24,05:00,,,,,,,,,,,,,,,,,,,,HIGH FALLS,ONTARIO
2013-02-24 06:00,2013,2,24,06:00,,,,,,,,,,,,,,,,,,,,HIGH FALLS,ONTARIO
2013-02-24 07:00,2013,2,24,07:00,,,,,,,,,,,,,,,,,,,,HIGH FALLS,ONTARIO
2013-02-24 08:00,2013,2,24,08:00,,,,,,,,,,,,,,,,,,,,HIGH FALLS,ONTARIO
2013-02-24 09:00,2013,2,24,09:00,,,,,,,,,,,,,,,,,,,,HIGH FALLS,ONTARIO
2013-02-24 10:00,2013,2,24,10:00,,,,,,,,,,,,,,,,,,,,HIGH FALLS,ONTARIO
2013-02-24 11:00,2013,2,24,11:00,,,,,,,,,,,,,,,,,,,,HIGH FALLS,ONTARIO
2013-02-24 12:00,2013,2,24,12:00,,,,,,,,,,,,,,,,,,,,HIGH FALLS,ONTARIO
2013-02-24 13:00,2013,2,24,13:00,,,,,,,,,,,,,,,,,,,,HIGH FALLS,ONTARIO
2013-02-24 14:00,2013,2,24,14:00,,,,,,,,,,,,,,,,,,,,HIGH FALLS,ONTARIO
2013-02-24 15:00,2013,2,24,15:00,,,,,,,,,,,,,,,,,,,,HIGH FALLS,ONTARIO
2013-02-24 16:00,2013,2,24,16:00,,,,,,,,,,,,,,,,,,,,HIGH FALLS,ONTARIO
2013-02-24 17:00,2013,2,24,17:00,,,,,,,,,,,,,,,,,,,,HIGH FALLS,ONTARIO
2013-02-24 18:00,2013,2,24,18:00,,,,,,,,,,,,,,,,,,,,HIGH FALLS,ONTARIO
2013-02-24 19:00,2013,2,24,19:00,,,,,,,,,,,,,,,,,,,,HIGH FALLS,ONTARIO
2013-02-24 20:00,2013,2,24,20:00,,,,,,,,,,,,,,,,,,,,HIGH FALLS,ONTARIO
2013-02-24 21:00,2013,2,24,21:00,,,,,,,,,,,,,,,,,,,,HIGH FALLS,ONTARIO
2013-02-24 22:00,2013,2,24,22:00,,,,,,,,,,,,,,,,,,,,HIGH FALLS,ONTARIO
2013-02-24 23:00,2013,2,24,23:00,,,,,,,,,,,,,,,,,,,,HIGH FALLS,ONTARIO
2013-02-25 00:00,2013,2,25,00:00,,,,,,,,,,,,,,,,,,,,HIGH FALLS,ONTARIO
2013-02-25 01:00,2013,2,25,01:00,,,,,,,,,,,,,,,,,,,,HIGH FALLS,ONTARIO
2013-02-25 02:00,2013,2,25,02:00,,,,,,,,,,,,,,,,,,,,HIGH FALLS,ONTARIO
2013-02-25 03:00,2013,2,25,03:00,,,,,,,,,,,,,,,,,,,,HIGH FALLS,ONTARIO
2013-02-25 04:00,2013,2,25,04:00,,,,,,,,,,,,,,,,,,,,HIGH FALLS,ONTARIO
2013-02-25 05:00,2013,2,25,05:00,,,,,,,,,,,,,,,,,,,,HIGH FALLS,ONTARIO
2013-02-25 06:00,2013,2,25,06:00,,,,,,,,,,,,,,,,,,,,HIGH FALLS,ONTARIO
2013-02-25 07:00,2013,2,25,07:00,,,,,,,,,,,,,,,,,,,,HIGH FALLS,ONTARIO
2013-02-25 08:00,2013,2,25,08:00,,,,,,,,,,,,,,,,,,,,HIGH FALLS,ONTARIO
2013-02-25 09:00,2013,2,25,09:00,,,,,,,,,,,,,,,,,,,,HIGH FALLS,ONTARIO
2013-02-25 10:00,2013,2,25,10:00,,,,,,,,,,,,,,,,,,,,HIGH FALLS,ONTARIO
2013-02-25 11:00,2013,2,25,11:00,,,,,,,,,,,,,,,,,,,,HIGH FALLS,ONTARIO
2013-02-25 12:00,2013,2,25,12:00,,,,,,,,,,,,,,,,,,,,HIGH FALLS,ONTARIO
2013-02-25 13:00,2013,2,25,13:00,,,,,,,,,,,,,,,,,,,,HIGH FALLS,ONTARIO
2013-02-25 14:00,2013,2,25,14:00,,,,,,,,,,,,,,,,,,,,HIGH FALLS,ONTARIO
2013-02-25 15:00,2013,2,25,15:00,,,,,,,,,,,,,,,,,,,,HIGH FALLS,ONTARIO
2013-02-25 16:00,2013,2,25,16:00,,,,,,,,,,,,,,,,,,,,HIGH FALLS,ONTARIO
2013-02-25 17:00,2013,2,25,17:00,,,,,,,,,,,,,,,,,,,,HIGH FALLS,ONTARIO
2013-02-25 18:00,2013,2,25,18:00,,,,,,,,,,,,,,,,,,,,HIGH FALLS,ONTARIO
2013-02-25 19:00,2013,2,25,19:00,,,,,,,,,,,,,,,,,,,,HIGH FALLS,ONTARIO
2013-02-25 20:00,2013,2,25,20:00,,,,,,,,,,,,,,,,,,,,HIGH FALLS,ONTARIO
2013-02-25 21:00,2013,2,25,21:00,,,,,,,,,,,,,,,,,,,,HIGH FALLS,ONTARIO
2013-02-25 22:00,2013,2,25,22:00,,,,,,,,,,,,,,,,,,,,HIGH FALLS,ONTARIO
2013-02-25 23:00,2013,2,25,23:00,,,,,,,,,,,,,,,,,,,,HIGH FALLS,ONTARIO
2013-02-26 00:00,2013,2,26,00:00,,,,,,,,,,,,,,,,,,,,HIGH FALLS,ONTARIO
2013-02-26 01:00,2013,2,26,01:00,,,,,,,,,,,,,,,,,,,,HIGH FALLS,ONTARIO
2013-02-26 02:00,2013,2,26,02:00,,,,,,,,,,,,,,,,,,,,HIGH FALLS,ONTARIO
2013-02-26 03:00,2013,2,26,03:00,,,,,,,,,,,,,,,,,,,,HIGH FALLS,ONTARIO
2013-02-26 04:00,2013,2,26,04:00,,,,,,,,,,,,,,,,,,,,HIGH FALLS,ONTARIO
2013-02-26 05:00,2013,2,26,05:00,,,,,,,,,,,,,,,,,,,,HIGH FALLS,ONTARIO
2013-02-26 06:00,2013,2,26,06:00,,,,,,,,,,,,,,,,,,,,HIGH FALLS,ONTARIO
2013-02-26 07:00,2013,2,26,07:00,,,,,,,,,,,,,,,,,,,,HIGH FALLS,ONTARIO
2013-02-26 08:00,2013,2,26,08:00,,,,,,,,,,,,,,,,,,,,HIGH FALLS,ONTARIO
2013-02-26 09:00,2013,2,26,09:00,,,,,,,,,,,,,,,,,,,,HIGH FALLS,ONTARIO
2013-02-26 10:00,2013,2,26,10:00,,,,,,,,,,,,,,,,,,,,HIGH FALLS,ONTARIO
2013-02-26 11:00,2013,2,26,11:00,,,,,,,,,,,,,,,,,,,,HIGH FALLS,ONTARIO
2013-02-26 12:00,2013,2,26,12:00,,,,,,,,,,,,,,,,,,,,HIGH FALLS,ONTARIO
2013-02-26 13:00,2013,2,26,13:00,,,,,,,,,,,,,,,,,,,,HIGH FALLS,ONTARIO
2013-02-26 14:00,2013,2,26,14:00,,,,,,,,,,,,,,,,,,,,HIGH FALLS,ONTARIO
2013-02-26 15:00,2013,2,26,15:00,,,,,,,,,,,,,,,,,,,,HIGH FALLS,ONTARIO
2013-02-26 16:00,2013,2,26,16:00,,,,,,,,,,,,,,,,,,,,HIGH FALLS,ONTARIO
2013-02-26 17:00,2013,2,26,17:00,,,,,,,,,,,,,,,,,,,,HIGH FALLS,ONTARIO
2013-02-26 18:00,2013,2,26,18:00,,,,,,,,,,,,,,,,,,,,HIGH FALLS,ONTARIO
2013-02-26 19:00,2013,2,26,19:00,,,,,,,,,,,,,,,,,,,,HIGH FALLS,ONTARIO
2013-02-26 20:00,2013,2,26,20:00,,,,,,,,,,,,,,,,,,,,HIGH FALLS,ONTARIO
2013-02-26 21:00,2013,2,26,21:00,,,,,,,,,,,,,,,,,,,,HIGH FALLS,ONTARIO
2013-02-26 22:00,2013,2,26,22:00,,,,,,,,,,,,,,,,,,,,HIGH FALLS,ONTARIO
2013-02-26 23:00,2013,2,26,23:00,,,,,,,,,,,,,,,,,,,,HIGH FALLS,ONTARIO
2013-02-27 00:00,2013,2,27,00:00,,,,,,,,,,,,,,,,,,,,HIGH FALLS,ONTARIO
2013-02-27 01:00,2013,2,27,01:00,,,,,,,,,,,,,,,,,,,,HIGH FALLS,ONTARIO
2013-02-27 02:00,2013,2,27,02:00,,,,,,,,,,,,,,,,,,,,HIGH FALLS,ONTARIO
2013-02-27 03:00,2013,2,27,03:00,,,,,,,,,,,,,,,,,,,,HIGH FALLS,ONTARIO
2013-02-27 04:00,2013,2,27,04:00,,,,,,,,,,,,,,,,,,,,HIGH FALLS,ONTARIO
2013-02-27 05:00,2013,2,27,05:00,,,,,,,,,,,,,,,,,,,,HIGH FALLS,ONTARIO
2013-02-27 06:00,2013,2,27,06:00,,,,,,,,,,,,,,,,,,,,HIGH FALLS,ONTARIO
2013-02-27 07:00,2013,2,27,07:00,,,,,,,,,,,,,,,,,,,,HIGH FALLS,ONTARIO
2013-02-27 08:00,2013,2,27,08:00,,,,,,,,,,,,,,,,,,,,HIGH FALLS,ONTARIO
2013-02-27 09:00,2013,2,27,09:00,,,,,,,,,,,,,,,,,,,,HIGH FALLS,ONTARIO
2013-02-27 10:00,2013,2,27,10:00,,,,,,,,,,,,,,,,,,,,HIGH FALLS,ONTARIO
2013-02-27 11:00,2013,2,27,11:00,,,,,,,,,,,,,,,,,,,,HIGH FALLS,ONTARIO
2013-02-27 12:00,2013,2,27,12:00,,,,,,,,,,,,,,,,,,,,HIGH FALLS,ONTARIO
2013-02-27 13:00,2013,2,27,13:00,,,,,,,,,,,,,,,,,,,,HIGH FALLS,ONTARIO
2013-02-27 14:00,2013,2,27,14:00,,,,,,,,,,,,,,,,,,,,HIGH FALLS,ONTARIO
2013-02-27 15:00,2013,2,27,15:00,,,,,,,,,,,,,,,,,,,,HIGH FALLS,ONTARIO
2013-02-27 16:00,2013,2,27,16:00,,,,,,,,,,,,,,,,,,,,HIGH FALLS,ONTARIO
2013-02-27 17:00,2013,2,27,17:00,,,,,,,,,,,,,,,,,,,,HIGH FALLS,ONTARIO
2013-02-27 18:00,2013,2,27,18:00,,,,,,,,,,,,,,,,,,,,HIGH FALLS,ONTARIO
2013-02-27 19:00,2013,2,27,19:00,,,,,,,,,,,,,,,,,,,,HIGH FALLS,ONTARIO
2013-02-27 20:00,2013,2,27,20:00,,,,,,,,,,,,,,,,,,,,HIGH FALLS,ONTARIO
2013-02-27 21:00,2013,2,27,21:00,,,,,,,,,,,,,,,,,,,,HIGH FALLS,ONTARIO
2013-02-27 22:00,2013,2,27,22:00,,,,,,,,,,,,,,,,,,,,HIGH FALLS,ONTARIO
2013-02-27 23:00,2013,2,27,23:00,,,,,,,,,,,,,,,,,,,,HIGH FALLS,ONTARIO
2013-02-28 00:00,2013,2,28,00:00,,,,,,,,,,,,,,,,,,,,HIGH FALLS,ONTARIO
2013-02-28 01:00,2013,2,28,01:00,,,,,,,,,,,,,,,,,,,,HIGH FALLS,ONTARIO
2013-02-28 02:00,2013,2,28,02:00,,,,,,,,,,,,,,,,,,,,HIGH FALLS,ONTARIO
2013-02-28 03:00,2013,2,28,03:00,,,,,,,,,,,,,,,,,,,,HIGH FALLS,ONTARIO
2013-02-28 04:00,2013,2,28,04:00,,,,,,,,,,,,,,,,,,,,HIGH FALLS,ONTARIO
2013-02-28 05:00,2013,2,28,05:00,,,,,,,,,,,,,,,,,,,,HIGH FALLS,ONTARIO
2013-02-28 06:00,2013,2,28,06:00,,,,,,,,,,,,,,,,,,,,HIGH FALLS,ONTARIO
2013-02-28 07:00,2013,2,28,07:00,,,,,,,,,,,,,,,,,,,,HIGH FALLS,ONTARIO
2013-02-28 08:00,2013,2,28,08:00,,,,,,,,,,,,,,,,,,,,HIGH FALLS,ONTARIO
2013-02-28 09:00,2013,2,28,09:00,,,,,,,,,,,,,,,,,,,,HIGH FALLS,ONTARIO
2013-02-28 10:00,2013,2,28,10:00,,,,,,,,,,,,,,,,,,,,HIGH FALLS,ONTARIO
2013-02-28 11:00,2013,2,28,11:00,,,,,,,,,,,,,,,,,,,,HIGH FALLS,ONTARIO
2013-02-28 12:00,2013,2,28,12:00,,,,,,,,,,,,,,,,,,,,HIGH FALLS,ONTARIO
2013-02-28 13:00,2013,2,28,13:00,,,,,,,,,,,,,,,,,,,,HIGH FALLS,ONTARIO
2013-02-28 14:00,2013,2,28,14:00,,,,,,,,,,,,,,,,,,,,HIGH FALLS,ONTARIO
2013-02-28 15:00,2013,2,28,15:00,,,,,,,,,,,,,,,,,,,,HIGH FALLS,ONTARIO
2013-02-28 16:00,2013,2,28,16:00,,,,,,,,,,,,,,,,,,,,HIGH FALLS,ONTARIO
2013-02-28 17:00,2013,2,28,17:00,,,,,,,,,,,,,,,,,,,,HIGH FALLS,ONTARIO
2013-02-28 18:00,2013,2,28,18:00,,,,,,,,,,,,,,,,,,,,HIGH FALLS,ONTARIO
2013-02-28 19:00,2013,2,28,19:00,,,,,,,,,,,,,,,,,,,,HIGH FALLS,ONTARIO
2013-02-28 20:00,2013,2,28,20:00,,,,,,,,,,,,,,,,,,,,HIGH FALLS,ONTARIO
2013-02-28 21:00,2013,2,28,21:00,,,,,,,,,,,,,,,,,,,,HIGH FALLS,ONTARIO
2013-02-28 22:00,2013,2,28,22:00,,,,,,,,,,,,,,,,,,,,HIGH FALLS,ONTARIO
2013-02-28 23:00,2013,2,28,23:00,,,,,,,,,,,,,,,,,,,,HIGH FALLS,ONTARIO
2014-02-01 00:00,2014,2,1,00:00,,,,,,,,,,,,,,,,,,,,HIGH FALLS,ONTARIO
2014-02-01 01:00,2014,2,1,01:00,,,,,,,,,,,,,,,,,,,,HIGH FALLS,ONTARIO
2014-02-01 02:00,2014,2,1,02:00,,,,,,,,,,,,,,,,,,,,HIGH FALLS,ONTARIO
2014-02-01 03:00,2014,2,1,03:00,,,,,,,,,,,,,,,,,,,,HIGH FALLS,ONTARIO
2014-02-01 04:00,2014,2,1,04:00,,,,,,,,,,,,,,,,,,,,HIGH FALLS,ONTARIO
2014-02-01 05:00,2014,2,1,05:00,,,,,,,,,,,,,,,,,,,,HIGH FALLS,ONTARIO
2014-02-01 06:00,2014,2,1,06:00,,,,,,,,,,,,,,,,,,,,HIGH FALLS,ONTARIO
2014-02-01 07:00,2014,2,1,07:00,,,,,,,,,,,,,,,,,,,,HIGH FALLS,ONTARIO
2014-02-01 08:00,2014,2,1,08:00,,,,,,,,,,,,,,,,,,,,HIGH FALLS,ONTARIO
2014-02-01 09:00,2014,2,1,09:00,,,,,,,,,,,,,,,,,,,,HIGH FALLS,ONTARIO
2014-02-01 10:00,2014,2,1,10:00,,,,,,,,,,,,,,,,,,,,HIGH FALLS,ONTARIO
2014-02-01 11:00,2014,2,1,11:00,,,,,,,,,,,,,,,,,,,,HIGH FALLS,ONTARIO
2014-02-01 12:00,2014,2,1,12:00,,,,,,,,,,,,,,,,,,,,HIGH FALLS,ONTARIO
2014-02-01 13:00,2014,2,1,13:00,,,,,,,,,,,,,,,,,,,,HIGH FALLS,ONTARIO
2014-02-01 14:00,2014,2,1,14:00,,,,,,,,,,,,,,,,,,,,HIGH FALLS,ONTARIO
2014-02-01 15:00,2014,2,1,15:00,,,,,,,,,,,,,,,,,,,,HIGH FALLS,ONTARIO
2014-02-01 16:00,2014,2,1,16:00,,,,,,,,,,,,,,,,,,,,HIGH FALLS,ONTARIO
2014-02-01 17:00,2014,2,1,17:00,,,,,,,,,,,,,,,,,,,,HIGH FALLS,ONTARIO
2014-02-01 18:00,2014,2,1,18:00,,,,,,,,,,,,,,,,,,,,HIGH FALLS,ONTARIO
2014-02-01 19:00,2014,2,1,19:00,,,,,,,,,,,,,,,,,,,,HIGH FALLS,ONTARIO
2014-02-01 20:00,2014,2,1,20:00,,,,,,,,,,,,,,,,,,,,HIGH FALLS,ONTARIO
2014-02-01 21:00,2014,2,1,21:00,,,,,,,,,,,,,,,,,,,,HIGH FALLS,ONTARIO
2014-02-01 22:00,2014,2,1,22:00,,,,,,,,,,,,,,,,,,,,HIGH FALLS,ONTARIO
2014-02-01 23:00,2014,2,1,23:00,,,,,,,,,,,,,,,,,,,,HIGH FALLS,ONTARIO
2014-02-02 00:00,2014,2,2,00:00,,,,,,,,,,,,,,,,,,,,HIGH FALLS,ONTARIO
2014-02-02 01:00,2014,2,2,01:00,,,,,,,,,,,,,,,,,,,,HIGH FALLS,ONTARIO
2014-02-02 02:00,2014,2,2,02:00,,,,,,,,,,,,,,,,,,,,HIGH FALLS,ONTARIO
2014-02-02 03:00,2014,2,2,03:00,,,,,,,,,,,,,,,,,,,,HIGH FALLS,ONTARIO
2014-02-02 04:00,2014,2,2,04:00,,,,,,,,,,,,,,,,,,,,HIGH FALLS,ONTARIO
2014-02-02 05:00,2014,2,2,05:00,,,,,,,,,,,,,,,,,,,,HIGH FALLS,ONTARIO
2014-02-02 06:00,2014,2,2,06:00,,,,,,,,,,,,,,,,,,,,HIGH FALLS,ONTARIO
2014-02-02 07:00,2014,2,2,07:00,,,,,,,,,,,,,,,,,,,,HIGH FALLS,ONTARIO
2014-02-02 08:00,2014,2,2,08:00,,,,,,,,,,,,,,,,,,,,HIGH FALLS,ONTARIO
2014-02-02 09:00,2014,2,2,09:00,,,,,,,,,,,,,,,,,,,,HIGH FALLS,ONTARIO
2014-02-02 10:00,2014,2,2,10:00,,,,,,,,,,,,,,,,,,,,HIGH FALLS,ONTARIO
2014-02-02 11:00,2014,2,2,11:00,,,,,,,,,,,,,,,,,,,,HIGH FALLS,ONTARIO
2014-02-02 12:00,2014,2,2,12:00,,,,,,,,,,,,,,,,,,,,HIGH FALLS,ONTARIO
2014-02-02 13:00,2014,2,2,13:00,,,,,,,,,,,,,,,,,,,,HIGH FALLS,ONTARIO
2014-02-02 14:00,2014,2,2,14:00,,,,,,,,,,,,,,,,,,,,HIGH FALLS,ONTARIO
2014-02-02 15:00,2014,2,2,15:00,,,,,,,,,,,,,,,,,,,,HIGH FALLS,ONTARIO
2014-02-02 16:00,2014,2,2,16:00,,,,,,,,,,,,,,,,,,,,HIGH FALLS,ONTARIO
2014-02-02 17:00,2014,2,2,17:00,,,,,,,,,,,,,,,,,,,,HIGH FALLS,ONTARIO
2014-02-02 18:00,2014,2,2,18:00,,,,,,,,,,,,,,,,,,,,HIGH FALLS,ONTARIO
2014-02-02 19:00,2014,2,2,19:00,,,,,,,,,,,,,,,,,,,,HIGH FALLS,ONTARIO
2014-02-02 20:00,2014,2,2,20:00,,,,,,,,,,,,,,,,,,,,HIGH FALLS,ONTARIO
2014-02-02 21:00,2014,2,2,21:00,,,,,,,,,,,,,,,,,,,,HIGH FALLS,ONTARIO
2014-02-02 22:00,2014,2,2,22:00,,,,,,,,,,,,,,,,,,,,HIGH FALLS,ONTARIO
2014-02-02 23:00,2014,2,2,23:00,,,,,,,,,,,,,,,,,,,,HIGH FALLS,ONTARIO
2014-02-03 00:00,2014,2,3,00:00,,,,,,,,,,,,,,,,,,,,HIGH FALLS,ONTARIO
2014-02-03 01:00,2014,2,3,01:00,,,,,,,,,,,,,,,,,,,,HIGH FALLS,ONTARIO
2014-02-03 02:00,2014,2,3,02:00,,,,,,,,,,,,,,,,,,,,HIGH FALLS,ONTARIO
2014-02-03 03:00,2014,2,3,03:00,,,,,,,,,,,,,,,,,,,,HIGH FALLS,ONTARIO
2014-02-03 04:00,2014,2,3,04:00,,,,,,,,,,,,,,,,,,,,HIGH FALLS,ONTARIO
2014-02-03 05:00,2014,2,3,05:00,,,,,,,,,,,,,,,,,,,,HIGH FALLS,ONTARIO
2014-02-03 06:00,2014,2,3,06:00,,,,,,,,,,,,,,,,,,,,HIGH FALLS,ONTARIO
2014-02-03 07:00,2014,2,3,07:00,,,,,,,,,,,,,,,,,,,,HIGH FALLS,ONTARIO
2014-02-03 08:00,2014,2,3,08:00,,,,,,,,,,,,,,,,,,,,HIGH FALLS,ONTARIO
2014-02-03 09:00,2014,2,3,09:00,,,,,,,,,,,,,,,,,,,,HIGH FALLS,ONTARIO
2014-02-03 10:00,2014,2,3,10:00,,,,,,,,,,,,,,,,,,,,HIGH FALLS,ONTARIO
2014-02-03 11:00,2014,2,3,11:00,,,,,,,,,,,,,,,,,,,,HIGH FALLS,ONTARIO
2014-02-03 12:00,2014,2,3,12:00,,,,,,,,,,,,,,,,,,,,HIGH FALLS,ONTARIO
2014-02-03 13:00,2014,2,3,13:00,,,,,,,,,,,,,,,,,,,,HIGH FALLS,ONTARIO
2014-02-03 14:00,2014,2,3,14:00,,,,,,,,,,,,,,,,,,,,HIGH FALLS,ONTARIO
2014-02-03 15:00,2014,2,3,15:00,,,,,,,,,,,,,,,,,,,,HIGH FALLS,ONTARIO
2014-02-03 16:00,2014,2,3,16:00,,,,,,,,,,,,,,,,,,,,HIGH FALLS,ONTARIO
2014-02-03 17:00,2014,2,3,17:00,,,,,,,,,,,,,,,,,,,,HIGH FALLS,ONTARIO
2014-02-03 18:00,2014,2,3,18:00,,,,,,,,,,,,,,,,,,,,HIGH FALLS,ONTARIO
2014-02-03 19:00,2014,2,3,19:00,,,,,,,,,,,,,,,,,,,,HIGH FALLS,ONTARIO
2014-02-03 20:00,2014,2,3,20:00,,,,,,,,,,,,,,,,,,,,HIGH FALLS,ONTARIO
2014-02-03 21:00,2014,2,3,21:00,,,,,,,,,,,,,,,,,,,,HIGH FALLS,ONTARIO
2014-02-03 22:00,2014,2,3,22:00,,,,,,,,,,,,,,,,,,,,HIGH FALLS,ONTARIO
2014-02-03 23:00,2014,2,3,23:00,,,,,,,,,,,,,,,,,,,,HIGH FALLS,ONTARIO
2014-02-04 00:00,2014,2,4,00:00,,,,,,,,,,,,,,,,,,,,HIGH FALLS,ONTARIO
2014-02-04 01:00,2014,2,4,01:00,,,,,,,,,,,,,,,,,,,,HIGH FALLS,ONTARIO
2014-02-04 02:00,2014,2,4,02:00,,,,,,,,,,,,,,,,,,,,HIGH FALLS,ONTARIO
2014-02-04 03:00,2014,2,4,03:00,,,,,,,,,,,,,,,,,,,,HIGH FALLS,ONTARIO
2014-02-04 04:00,2014,2,4,04:00,,,,,,,,,,,,,,,,,,,,HIGH FALLS,ONTARIO
2014-02-04 05:00,2014,2,4,05:00,,,,,,,,,,,,,,,,,,,,HIGH FALLS,ONTARIO
2014-02-04 06:00,2014,2,4,06:00,,,,,,,,,,,,,,,,,,,,HIGH FALLS,ONTARIO
2014-02-04 07:00,2014,2,4,07:00,,,,,,,,,,,,,,,,,,,,HIGH FALLS,ONTARIO
2014-02-04 08:00,2014,2,4,08:00,,,,,,,,,,,,,,,,,,,,HIGH FALLS,ONTARIO
2014-02-04 09:00,2014,2,4,09:00,,,,,,,,,,,,,,,,,,,,HIGH FALLS,ONTARIO
2014-02-04 10:00,2014,2,4,10:00,,,,,,,,,,,,,,,,,,,,HIGH FALLS,ONTARIO
2014-02-04 11:00,2014,2,4,11:00,,,,,,,,,,,,,,,,,,,,HIGH FALLS,ONTARIO
2014-02-04 12:00,2014,2,4,12:00,,,,,,,,,,,,,,,,,,,,HIGH FALLS,ONTARIO
2014-02-04 13:00,2014,2,4,13:00,,,,,,,,,,,,,,,,,,,,HIGH FALLS,ONTARIO
2014-02-04 14:00,2014,2,4,14:00,,,,,,,,,,,,,,,,,,,,HIGH FALLS,ONTARIO
2014-02-04 15:00,2014,2,4,15:00,,,,,,,,,,,,,,,,,,,,HIGH FALLS,ONTARIO
2014-02-04 16:00,2014,2,4,16:00,,,,,,,,,,,,,,,,,,,,HIGH FALLS,ONTARIO
2014-02-04 17:00,2014,2,4,17:00,,,,,,,,,,,,,,,,,,,,HIGH FALLS,ONTARIO
2014-02-04 18:00,2014,2,4,18:00,,,,,,,,,,,,,,,,,,,,HIGH FALLS,ONTARIO
2014-02-04 19:00,2014,2,4,19:00,,,,,,,,,,,,,,,,,,,,HIGH FALLS,ONTARIO
2014-02-04 20:00,2014,2,4,20:00,,,,,,,,,,,,,,,,,,,,HIGH FALLS,ONTARIO
2014-02-04 21:00,2014,2,4,21:00,,,,,,,,,,,,,,,,,,,,HIGH FALLS,ONTARIO
2014-02-04 22:00,2014,2,4,22:00,,,,,,,,,,,,,,,,,,,,HIGH FALLS,ONTARIO
2014-02-04 23:00,2014,2,4,23:00,,,,,,,,,,,,,,,,,,,,HIGH FALLS,ONTARIO
2014-02-05 00:00,2014,2,5,00:00,,,,,,,,,,,,,,,,,,,,HIGH FALLS,ONTARIO
2014-02-05 01:00,2014,2,5,01:00,,,,,,,,,,,,,,,,,,,,HIGH FALLS,ONTARIO
2014-02-05 02:00,2014,2,5,02:00,,,,,,,,,,,,,,,,,,,,HIGH FALLS,ONTARIO
2014-02-05 03:00,2014,2,5,03:00,,,,,,,,,,,,,,,,,,,,HIGH FALLS,ONTARIO
2014-02-05 04:00,2014,2,5,04:00,,,,,,,,,,,,,,,,,,,,HIGH FALLS,ONTARIO
2014-02-05 05:00,2014,2,5,05:00,,,,,,,,,,,,,,,,,,,,HIGH FALLS,ONTARIO
2014-02-05 06:00,2014,2,5,06:00,,,,,,,,,,,,,,,,,,,,HIGH FALLS,ONTARIO
2014-02-05 07:00,2014,2,5,07:00,,,,,,,,,,,,,,,,,,,,HIGH FALLS,ONTARIO
2014-02-05 08:00,2014,2,5,08:00,,,,,,,,,,,,,,,,,,,,HIGH FALLS,ONTARIO
2014-02-05 09:00,2014,2,5,09:00,,,,,,,,,,,,,,,,,,,,HIGH FALLS,ONTARIO
2014-02-05 10:00,2014,2,5,10:00,,,,,,,,,,,,,,,,,,,,HIGH FALLS,ONTARIO
2014-02-05 11:00,2014,2,5,11:00,,,,,,,,,,,,,,,,,,,,HIGH FALLS,ONTARIO
2014-02-05 12:00,2014,2,5,12:00,,,,,,,,,,,,,,,,,,,,HIGH FALLS,ONTARIO
2014-02-05 13:00,2014,2,5,13:00,,,,,,,,,,,,,,,,,,,,HIGH FALLS,ONTARIO
2014-02-05 14:00,2014,2,5,14:00,,,,,,,,,,,,,,,,,,,,HIGH FALLS,ONTARIO
2014-02-05 15:00,2014,2,5,15:00,,,,,,,,,,,,,,,,,,,,HIGH FALLS,ONTARIO
2014-02-05 16:00,2014,2,5,16:00,,,,,,,,,,,,,,,,,,,,HIGH FALLS,ONTARIO
2014-02-05 17:00,2014,2,5,17:00,,,,,,,,,,,,,,,,,,,,HIGH FALLS,ONTARIO
2014-02-05 18:00,2014,2,5,18:00,,,,,,,,,,,,,,,,,,,,HIGH FALLS,ONTARIO
2014-02-05 19:00,2014,2,5,19:00,,,,,,,,,,,,,,,,,,,,HIGH FALLS,ONTARIO
2014-02-05 20:00,2014,2,5,20:00,,,,,,,,,,,,,,,,,,,,HIGH FALLS,ONTARIO
2014-02-05 21:00,2014,2,5,21:00,,,,,,,,,,,,,,,,,,,,HIGH FALLS,ONTARIO
2014-02-05 22:00,2014,2,5,22:00,,,,,,,,,,,,,,,,,,,,HIGH FALLS,ONTARIO
2014-02-05 23:00,2014,2,5,23:00,,,,,,,,,,,,,,,,,,,,HIGH FALLS,ONTARIO
2014-02-06 00:00,2014,2,6,00:00,,,,,,,,,,,,,,,,,,,,HIGH FALLS,ONTARIO
2014-02-06 01:00,2014,2,6,01:00,,,,,,,,,,,,,,,,,,,,HIGH FALLS,ONTARIO
2014-02-06 02:00,2014,2,6,02:00,,,,,,,,,,,,,,,,,,,,HIGH FALLS,ONTARIO
2014-02-06 03:00,2014,2,6,03:00,,,,,,,,,,,,,,,,,,,,HIGH FALLS,ONTARIO
2014-02-06 04:00,2014,2,6,04:00,,,,,,,,,,,,,,,,,,,,HIGH FALLS,ONTARIO
2014-02-06 05:00,2014,2,6,05:00,,,,,,,,,,,,,,,,,,,,HIGH FALLS,ONTARIO
2014-02-06 06:00,2014,2,6,06:00,,,,,,,,,,,,,,,,,,,,HIGH FALLS,ONTARIO
2014-02-06 07:00,2014,2,6,07:00,,,,,,,,,,,,,,,,,,,,HIGH FALLS,ONTARIO
2014-02-06 08:00,2014,2,6,08:00,,,,,,,,,,,,,,,,,,,,HIGH FALLS,ONTARIO
2014-02-06 09:00,2014,2,6,09:00,,,,,,,,,,,,,,,,,,,,HIGH FALLS,ONTARIO
2014-02-06 10:00,2014,2,6,10:00,,,,,,,,,,,,,,,,,,,,HIGH FALLS,ONTARIO
2014-02-06 11:00,2014,2,6,11:00,,,,,,,,,,,,,,,,,,,,HIGH FALLS,ONTARIO
2014-02-06 12:00,2014,2,6,12:00,,,,,,,,,,,,,,,,,,,,HIGH FALLS,ONTARIO
2014-02-06 13:00,2014,2,6,13:00,,,,,,,,,,,,,,,,,,,,HIGH FALLS,ONTARIO
2014-02-06 14:00,2014,2,6,14:00,,,,,,,,,,,,,,,,,,,,HIGH FALLS,ONTARIO
2014-02-06 15:00,2014,2,6,15:00,,,,,,,,,,,,,,,,,,,,HIGH FALLS,ONTARIO
2014-02-06 16:00,2014,2,6,16:00,,,,,,,,,,,,,,,,,,,,HIGH FALLS,ONTARIO
2014-02-06 17:00,2014,2,6,17:00,,,,,,,,,,,,,,,,,,,,HIGH FALLS,ONTARIO
2014-02-06 18:00,2014,2,6,18:00,,,,,,,,,,,,,,,,,,,,HIGH FALLS,ONTARIO
2014-02-06 19:00,2014,2,6,19:00,,,,,,,,,,,,,,,,,,,,HIGH FALLS,ONTARIO
2014-02-06 20:00,2014,2,6,20:00,,,,,,,,,,,,,,,,,,,,HIGH FALLS,ONTARIO
2014-02-06 21:00,2014,2,6,21:00,,,,,,,,,,,,,,,,,,,,HIGH FALLS,ONTARIO
2014-02-06 22:00,2014,2,6,22:00,,,,,,,,,,,,,,,,,,,,HIGH FALLS,ONTARIO
2014-02-06 23:00,2014,2,6,23:00,,,,,,,,,,,,,,,,,,,,HIGH FALLS,ONTARIO
2014-02-07 00:00,2014,2,7,00:00,,,,,,,,,,,,,,,,,,,,HIGH FALLS,ONTARIO
2014-02-07 01:00,2014,2,7,01:00,,,,,,,,,,,,,,,,,,,,HIGH FALLS,ONTARIO
2014-02-07 02:00,2014,2,7,02:00,,,,,,,,,,,,,,,,,,,,HIGH FALLS,ONTARIO
2014-02-07 03:00,2014,2,7,03:00,,,,,,,,,,,,,,,,,,,,HIGH FALLS,ONTARIO
2014-02-07 04:00,2014,2,7,04:00,,,,,,,,,,,,,,,,,,,,HIGH FALLS,ONTARIO
2014-02-07 05:00,2014,2,7,05:00,,,,,,,,,,,,,,,,,,,,HIGH FALLS,ONTARIO
2014-02-07 06:00,2014,2,7,06:00,,,,,,,,,,,,,,,,,,,,HIGH FALLS,ONTARIO
2014-02-07 07:00,2014,2,7,07:00,,,,,,,,,,,,,,,,,,,,HIGH FALLS,ONTARIO
2014-02-07 08:00,2014,2,7,08:00,,,,,,,,,,,,,,,,,,,,HIGH FALLS,ONTARIO
2014-02-07 09:00,2014,2,7,09:00,,,,,,,,,,,,,,,,,,,,HIGH FALLS,ONTARIO
2014-02-07 10:00,2014,2,7,10:00,,,,,,,,,,,,,,,,,,,,HIGH FALLS,ONTARIO
2014-02-07 11:00,2014,2,7,11:00,,,,,,,,,,,,,,,,,,,,HIGH FALLS,ONTARIO
2014-02-07 12:00,2014,2,7,12:00,,,,,,,,,,,,,,,,,,,,HIGH FALLS,ONTARIO
2014-02-07 13:00,2014,2,7,13:00,,,,,,,,,,,,,,,,,,,,HIGH FALLS,ONTARIO
2014-02-07 14:00,2014,2,7,14:00,,,,,,,,,,,,,,,,,,,,HIGH FALLS,ONTARIO
2014-02-07 15:00,2014,2,7,15:00,,,,,,,,,,,,,,,,,,,,HIGH FALLS,ONTARIO
2014-02-07 16:00,2014,2,7,16:00,,,,,,,,,,,,,,,,,,,,HIGH FALLS,ONTARIO
2014-02-07 17:00,2014,2,7,17:00,,,,,,,,,,,,,,,,,,,,HIGH FALLS,ONTARIO
2014-02-07 18:00,2014,2,7,18:00,,,,,,,,,,,,,,,,,,,,HIGH FALLS,ONTARIO
2014-02-07 19:00,2014,2,7,19:00,,,,,,,,,,,,,,,,,,,,HIGH FALLS,ONTARIO
2014-02-07 20:00,2014,2,7,20:00,,,,,,,,,,,,,,,,,,,,HIGH FALLS,ONTARIO
2014-02-07 21:00,2014,2,7,21:00,,,,,,,,,,,,,,,,,,,,HIGH FALLS,ONTARIO
2014-02-07 22:00,2014,2,7,22:00,,,,,,,,,,,,,,,,,,,,HIGH FALLS,ONTARIO
2014-02-07 23:00,2014,2,7,23:00,,,,,,,,,,,,,,,,,,,,HIGH FALLS,ONTARIO
2014-02-08 00:00,2014,2,8,00:00,,,,,,,,,,,,,,,,,,,,HIGH FALLS,ONTARIO
2014-02-08 01:00,2014,2,8,01:00,,,,,,,,,,,,,,,,,,,,HIGH FALLS,ONTARIO
2014-02-08 02:00,2014,2,8,02:00,,,,,,,,,,,,,,,,,,,,HIGH FALLS,ONTARIO
2014-02-08 03:00,2014,2,8,03:00,,,,,,,,,,,,,,,,,,,,HIGH FALLS,ONTARIO
2014-02-08 04:00,2014,2,8,04:00,,,,,,,,,,,,,,,,,,,,HIGH FALLS,ONTARIO
2014-02-08 05:00,2014,2,8,05:00,,,,,,,,,,,,,,,,,,,,HIGH FALLS,ONTARIO
2014-02-08 06:00,2014,2,8,06:00,,,,,,,,,,,,,,,,,,,,HIGH FALLS,ONTARIO
2014-02-08 07:00,2014,2,8,07:00,,,,,,,,,,,,,,,,,,,,HIGH FALLS,ONTARIO
2014-02-08 08:00,2014,2,8,08:00,,,,,,,,,,,,,,,,,,,,HIGH FALLS,ONTARIO
2014-02-08 09:00,2014,2,8,09:00,,,,,,,,,,,,,,,,,,,,HIGH FALLS,ONTARIO
2014-02-08 10:00,2014,2,8,10:00,,,,,,,,,,,,,,,,,,,,HIGH FALLS,ONTARIO
2014-02-08 11:00,2014,2,8,11:00,,,,,,,,,,,,,,,,,,,,HIGH FALLS,ONTARIO
2014-02-08 12:00,2014,2,8,12:00,,,,,,,,,,,,,,,,,,,,HIGH FALLS,ONTARIO
2014-02-08 13:00,2014,2,8,13:00,,,,,,,,,,,,,,,,,,,,HIGH FALLS,ONTARIO
2014-02-08 14:00,2014,2,8,14:00,,,,,,,,,,,,,,,,,,,,HIGH FALLS,ONTARIO
2014-02-08 15:00,2014,2,8,15:00,,,,,,,,,,,,,,,,,,,,HIGH FALLS,ONTARIO
2014-02-08 16:00,2014,2,8,16:00,,,,,,,,,,,,,,,,,,,,HIGH FALLS,ONTARIO
2014-02-08 17:00,2014,2,8,17:00,,,,,,,,,,,,,,,,,,,,HIGH FALLS,ONTARIO
2014-02-08 18:00,2014,2,8,18:00,,,,,,,,,,,,,,,,,,,,HIGH FALLS,ONTARIO
2014-02-08 19:00,2014,2,8,19:00,,,,,,,,,,,,,,,,,,,,HIGH FALLS,ONTARIO
2014-02-08 20:00,2014,2,8,20:00,,,,,,,,,,,,,,,,,,,,HIGH FALLS,ONTARIO
2014-02-08 21:00,2014,2,8,21:00,,,,,,,,,,,,,,,,,,,,HIGH FALLS,ONTARIO
2014-02-08 22:00,2014,2,8,22:00,,,,,,,,,,,,,,,,,,,,HIGH FALLS,ONTARIO
2014-02-08 23:00,2014,2,8,23:00,,,,,,,,,,,,,,,,,,,,HIGH FALLS,ONTARIO
2014-02-09 00:00,2014,2,9,00:00,,,,,,,,,,,,,,,,,,,,HIGH FALLS,ONTARIO
2014-02-09 01:00,2014,2,9,01:00,,,,,,,,,,,,,,,,,,,,HIGH FALLS,ONTARIO
2014-02-09 02:00,2014,2,9,02:00,,,,,,,,,,,,,,,,,,,,HIGH FALLS,ONTARIO
2014-02-09 03:00,2014,2,9,03:00,,,,,,,,,,,,,,,,,,,,HIGH FALLS,ONTARIO
2014-02-09 04:00,2014,2,9,04:00,,,,,,,,,,,,,,,,,,,,HIGH FALLS,ONTARIO
2014-02-09 05:00,2014,2,9,05:00,,,,,,,,,,,,,,,,,,,,HIGH FALLS,ONTARIO
2014-02-09 06:00,2014,2,9,06:00,,,,,,,,,,,,,,,,,,,,HIGH FALLS,ONTARIO
2014-02-09 07:00,2014,2,9,07:00,,,,,,,,,,,,,,,,,,,,HIGH FALLS,ONTARIO
2014-02-09 08:00,2014,2,9,08:00,,,,,,,,,,,,,,,,,,,,HIGH FALLS,ONTARIO
2014-02-09 09:00,2014,2,9,09:00,,,,,,,,,,,,,,,,,,,,HIGH FALLS,ONTARIO
2014-02-09 10:00,2014,2,9,10:00,,,,,,,,,,,,,,,,,,,,HIGH FALLS,ONTARIO
2014-02-09 11:00,2014,2,9,11:00,,,,,,,,,,,,,,,,,,,,HIGH FALLS,ONTARIO
2014-02-09 12:00,2014,2,9,12:00,,,,,,,,,,,,,,,,,,,,HIGH FALLS,ONTARIO
2014-02-09 13:00,2014,2,9,13:00,,,,,,,,,,,,,,,,,,,,HIGH FALLS,ONTARIO
2014-02-09 14:00,2014,2,9,14:00,,,,,,,,,,,,,,,,,,,,HIGH FALLS,ONTARIO
2014-02-09 15:00,2014,2,9,15:00,,,,,,,,,,,,,,,,,,,,HIGH FALLS,ONTARIO
2014-02-09 16:00,2014,2,9,16:00,,,,,,,,,,,,,,,,,,,,HIGH FALLS,ONTARIO
2014-02-09 17:00,2014,2,9,17:00,,,,,,,,,,,,,,,,,,,,HIGH FALLS,ONTARIO
2014-02-09 18:00,2014,2,9,18:00,,,,,,,,,,,,,,,,,,,,HIGH FALLS,ONTARIO
2014-02-09 19:00,2014,2,9,19:00,,,,,,,,,,,,,,,,,,,,HIGH FALLS,ONTARIO
2014-02-09 20:00,2014,2,9,20:00,,,,,,,,,,,,,,,,,,,,HIGH FALLS,ONTARIO
2014-02-09 21:00,2014,2,9,21:00,,,,,,,,,,,,,,,,,,,,HIGH FALLS,ONTARIO
2014-02-09 22:00,2014,2,9,22:00,,,,,,,,,,,,,,,,,,,,HIGH FALLS,ONTARIO
2014-02-09 23:00,2014,2,9,23:00,,,,,,,,,,,,,,,,,,,,HIGH FALLS,ONTARIO
2014-02-10 00:00,2014,2,10,00:00,,,,,,,,,,,,,,,,,,,,HIGH FALLS,ONTARIO
2014-02-10 01:00,2014,2,10,01:00,,,,,,,,,,,,,,,,,,,,HIGH FALLS,ONTARIO
2014-02-10 02:00,2014,2,10,02:00,,,,,,,,,,,,,,,,,,,,HIGH FALLS,ONTARIO
2014-02-10 03:00,2014,2,10,03:00,,,,,,,,,,,,,,,,,,,,HIGH FALLS,ONTARIO
2014-02-10 04:00,2014,2,10,04:00,,,,,,,,,,,,,,,,,,,,HIGH FALLS,ONTARIO
2014-02-10 05:00,2014,2,10,05:00,,,,,,,,,,,,,,,,,,,,HIGH FALLS,ONTARIO
2014-02-10 06:00,2014,2,10,06:00,,,,,,,,,,,,,,,,,,,,HIGH FALLS,ONTARIO
2014-02-10 07:00,2014,2,10,07:00,,,,,,,,,,,,,,,,,,,,HIGH FALLS,ONTARIO
2014-02-10 08:00,2014,2,10,08:00,,,,,,,,,,,,,,,,,,,,HIGH FALLS,ONTARIO
2014-02-10 09:00,2014,2,10,09:00,,,,,,,,,,,,,,,,,,,,HIGH FALLS,ONTARIO
2014-02-10 10:00,2014,2,10,10:00,,,,,,,,,,,,,,,,,,,,HIGH FALLS,ONTARIO
2014-02-10 11:00,2014,2,10,11:00,,,,,,,,,,,,,,,,,,,,HIGH FALLS,ONTARIO
2014-02-10 12:00,2014,2,10,12:00,,,,,,,,,,,,,,,,,,,,HIGH FALLS,ONTARIO
2014-02-10 13:00,2014,2,10,13:00,,,,,,,,,,,,,,,,,,,,HIGH FALLS,ONTARIO
2014-02-10 14:00,2014,2,10,14:00,,,,,,,,,,,,,,,,,,,,HIGH FALLS,ONTARIO
2014-02-10 15:00,2014,2,10,15:00,,,,,,,,,,,,,,,,,,,,HIGH FALLS,ONTARIO
2014-02-10 16:00,2014,2,10,16:00,,,,,,,,,,,,,,,,,,,,HIGH FALLS,ONTARIO
2014-02-10 17:00,2014,2,10,17:00,,,,,,,,,,,,,,,,,,,,HIGH FALLS,ONTARIO
2014-02-10 18:00,2014,2,10,18:00,,,,,,,,,,,,,,,,,,,,HIGH FALLS,ONTARIO
2014-02-10 19:00,2014,2,10,19:00,,,,,,,,,,,,,,,,,,,,HIGH FALLS,ONTARIO
2014-02-10 20:00,2014,2,10,20:00,,,,,,,,,,,,,,,,,,,,HIGH FALLS,ONTARIO
2014-02-10 21:00,2014,2,10,21:00,,,,,,,,,,,,,,,,,,,,HIGH FALLS,ONTARIO
2014-02-10 22:00,2014,2,10,22:00,,,,,,,,,,,,,,,,,,,,HIGH FALLS,ONTARIO
2014-02-10 23:00,2014,2,10,23:00,,,,,,,,,,,,,,,,,,,,HIGH FALLS,ONTARIO
2014-02-11 00:00,2014,2,11,00:00,,,,,,,,,,,,,,,,,,,,HIGH FALLS,ONTARIO
2014-02-11 01:00,2014,2,11,01:00,,,,,,,,,,,,,,,,,,,,HIGH FALLS,ONTARIO
2014-02-11 02:00,2014,2,11,02:00,,,,,,,,,,,,,,,,,,,,HIGH FALLS,ONTARIO
2014-02-11 03:00,2014,2,11,03:00,,,,,,,,,,,,,,,,,,,,HIGH FALLS,ONTARIO
2014-02-11 04:00,2014,2,11,04:00,,,,,,,,,,,,,,,,,,,,HIGH FALLS,ONTARIO
2014-02-11 05:00,2014,2,11,05:00,,,,,,,,,,,,,,,,,,,,HIGH FALLS,ONTARIO
2014-02-11 06:00,2014,2,11,06:00,,,,,,,,,,,,,,,,,,,,HIGH FALLS,ONTARIO
2014-02-11 07:00,2014,2,11,07:00,,,,,,,,,,,,,,,,,,,,HIGH FALLS,ONTARIO
2014-02-11 08:00,2014,2,11,08:00,,,,,,,,,,,,,,,,,,,,HIGH FALLS,ONTARIO
2014-02-11 09:00,2014,2,11,09:00,,,,,,,,,,,,,,,,,,,,HIGH FALLS,ONTARIO
2014-02-11 10:00,2014,2,11,10:00,,,,,,,,,,,,,,,,,,,,HIGH FALLS,ONTARIO
2014-02-11 11:00,2014,2,11,11:00,,,,,,,,,,,,,,,,,,,,HIGH FALLS,ONTARIO
2014-02-11 12:00,2014,2,11,12:00,,,,,,,,,,,,,,,,,,,,HIGH FALLS,ONTARIO
2014-02-11 13:00,2014,2,11,13:00,,,,,,,,,,,,,,,,,,,,HIGH FALLS,ONTARIO
2014-02-11 14:00,2014,2,11,14:00,,,,,,,,,,,,,,,,,,,,HIGH FALLS,ONTARIO
2014-02-11 15:00,2014,2,11,15:00,,,,,,,,,,,,,,,,,,,,HIGH FALLS,ONTARIO
2014-02-11 16:00,2014,2,11,16:00,,,,,,,,,,,,,,,,,,,,HIGH FALLS,ONTARIO
2014-02-11 17:00,2014,2,11,17:00,,,,,,,,,,,,,,,,,,,,HIGH FALLS,ONTARIO
2014-02-11 18:00,2014,2,11,18:00,,,,,,,,,,,,,,,,,,,,HIGH FALLS,ONTARIO
2014-02-11 19:00,2014,2,11,19:00,,,,,,,,,,,,,,,,,,,,HIGH FALLS,ONTARIO
2014-02-11 20:00,2014,2,11,20:00,,,,,,,,,,,,,,,,,,,,HIGH FALLS,ONTARIO
2014-02-11 21:00,2014,2,11,21:00,,,,,,,,,,,,,,,,,,,,HIGH FALLS,ONTARIO
2014-02-11 22:00,2014,2,11,22:00,,,,,,,,,,,,,,,,,,,,HIGH FALLS,ONTARIO
2014-02-11 23:00,2014,2,11,23:00,,,,,,,,,,,,,,,,,,,,HIGH FALLS,ONTARIO
2014-02-12 00:00,2014,2,12,00:00,,,,,,,,,,,,,,,,,,,,HIGH FALLS,ONTARIO
2014-02-12 01:00,2014,2,12,01:00,,,,,,,,,,,,,,,,,,,,HIGH FALLS,ONTARIO
2014-02-12 02:00,2014,2,12,02:00,,,,,,,,,,,,,,,,,,,,HIGH FALLS,ONTARIO
2014-02-12 03:00,2014,2,12,03:00,,,,,,,,,,,,,,,,,,,,HIGH FALLS,ONTARIO
2014-02-12 04:00,2014,2,12,04:00,,,,,,,,,,,,,,,,,,,,HIGH FALLS,ONTARIO
2014-02-12 05:00,2014,2,12,05:00,,,,,,,,,,,,,,,,,,,,HIGH FALLS,ONTARIO
2014-02-12 06:00,2014,2,12,06:00,,,,,,,,,,,,,,,,,,,,HIGH FALLS,ONTARIO
2014-02-12 07:00,2014,2,12,07:00,,,,,,,,,,,,,,,,,,,,HIGH FALLS,ONTARIO
2014-02-12 08:00,2014,2,12,08:00,,,,,,,,,,,,,,,,,,,,HIGH FALLS,ONTARIO
2014-02-12 09:00,2014,2,12,09:00,,,,,,,,,,,,,,,,,,,,HIGH FALLS,ONTARIO
2014-02-12 10:00,2014,2,12,10:00,,,,,,,,,,,,,,,,,,,,HIGH FALLS,ONTARIO
2014-02-12 11:00,2014,2,12,11:00,,,,,,,,,,,,,,,,,,,,HIGH FALLS,ONTARIO
2014-02-12 12:00,2014,2,12,12:00,,,,,,,,,,,,,,,,,,,,HIGH FALLS,ONTARIO
2014-02-12 13:00,2014,2,12,13:00,,,,,,,,,,,,,,,,,,,,HIGH FALLS,ONTARIO
2014-02-12 14:00,2014,2,12,14:00,,,,,,,,,,,,,,,,,,,,HIGH FALLS,ONTARIO
2014-02-12 15:00,2014,2,12,15:00,,,,,,,,,,,,,,,,,,,,HIGH FALLS,ONTARIO
2014-02-12 16:00,2014,2,12,16:00,,,,,,,,,,,,,,,,,,,,HIGH FALLS,ONTARIO
2014-02-12 17:00,2014,2,12,17:00,,,,,,,,,,,,,,,,,,,,HIGH FALLS,ONTARIO
2014-02-12 18:00,2014,2,12,18:00,,,,,,,,,,,,,,,,,,,,HIGH FALLS,ONTARIO
2014-02-12 19:00,2014,2,12,19:00,,,,,,,,,,,,,,,,,,,,HIGH FALLS,ONTARIO
2014-02-12 20:00,2014,2,12,20:00,,,,,,,,,,,,,,,,,,,,HIGH FALLS,ONTARIO
2014-02-12 21:00,2014,2,12,21:00,,,,,,,,,,,,,,,,,,,,HIGH FALLS,ONTARIO
2014-02-12 22:00,2014,2,12,22:00,,,,,,,,,,,,,,,,,,,,HIGH FALLS,ONTARIO
2014-02-12 23:00,2014,2,12,23:00,,,,,,,,,,,,,,,,,,,,HIGH FALLS,ONTARIO
2014-02-13 00:00,2014,2,13,00:00,,,,,,,,,,,,,,,,,,,,HIGH FALLS,ONTARIO
2014-02-13 01:00,2014,2,13,01:00,,,,,,,,,,,,,,,,,,,,HIGH FALLS,ONTARIO
2014-02-13 02:00,2014,2,13,02:00,,,,,,,,,,,,,,,,,,,,HIGH FALLS,ONTARIO
2014-02-13 03:00,2014,2,13,03:00,,,,,,,,,,,,,,,,,,,,HIGH FALLS,ONTARIO
2014-02-13 04:00,2014,2,13,04:00,,,,,,,,,,,,,,,,,,,,HIGH FALLS,ONTARIO
2014-02-13 05:00,2014,2,13,05:00,,,,,,,,,,,,,,,,,,,,HIGH FALLS,ONTARIO
2014-02-13 06:00,2014,2,13,06:00,,,,,,,,,,,,,,,,,,,,HIGH FALLS,ONTARIO
2014-02-13 07:00,2014,2,13,07:00,,,,,,,,,,,,,,,,,,,,HIGH FALLS,ONTARIO
2014-02-13 08:00,2014,2,13,08:00,,,,,,,,,,,,,,,,,,,,HIGH FALLS,ONTARIO
2014-02-13 09:00,2014,2,13,09:00,,,,,,,,,,,,,,,,,,,,HIGH FALLS,ONTARIO
2014-02-13 10:00,2014,2,13,10:00,,,,,,,,,,,,,,,,,,,,HIGH FALLS,ONTARIO
2014-02-13 11:00,2014,2,13,11:00,,,,,,,,,,,,,,,,,,,,HIGH FALLS,ONTARIO
2014-02-13 12:00,2014,2,13,12:00,,,,,,,,,,,,,,,,,,,,HIGH FALLS,ONTARIO
2014-02-13 13:00,2014,2,13,13:00,,,,,,,,,,,,,,,,,,,,HIGH FALLS,ONTARIO
2014-02-13 14:00,2014,2,13,14:00,,,,,,,,,,,,,,,,,,,,HIGH FALLS,ONTARIO
2014-02-13 15:00,2014,2,13,15:00,,,,,,,,,,,,,,,,,,,,HIGH FALLS,ONTARIO
2014-02-13 16:00,2014,2,13,16:00,,,,,,,,,,,,,,,,,,,,HIGH FALLS,ONTARIO
2014-02-13 17:00,2014,2,13,17:00,,,,,,,,,,,,,,,,,,,,HIGH FALLS,ONTARIO
2014-02-13 18:00,2014,2,13,18:00,,,,,,,,,,,,,,,,,,,,HIGH FALLS,ONTARIO
2014-02-13 19:00,2014,2,13,19:00,,,,,,,,,,,,,,,,,,,,HIGH FALLS,ONTARIO
2014-02-13 20:00,2014,2,13,20:00,,,,,,,,,,,,,,,,,,,,HIGH FALLS,ONTARIO
2014-02-13 21:00,2014,2,13,21:00,,,,,,,,,,,,,,,,,,,,HIGH FALLS,ONTARIO
2014-02-13 22:00,2014,2,13,22:00,,,,,,,,,,,,,,,,,,,,HIGH FALLS,ONTARIO
2014-02-13 23:00,2014,2,13,23:00,,,,,,,,,,,,,,,,,,,,HIGH FALLS,ONTARIO
2014-02-14 00:00,2014,2,14,00:00,,,,,,,,,,,,,,,,,,,,HIGH FALLS,ONTARIO
2014-02-14 01:00,2014,2,14,01:00,,,,,,,,,,,,,,,,,,,,HIGH FALLS,ONTARIO
2014-02-14 02:00,2014,2,14,02:00,,,,,,,,,,,,,,,,,,,,HIGH FALLS,ONTARIO
2014-02-14 03:00,2014,2,14,03:00,,,,,,,,,,,,,,,,,,,,HIGH FALLS,ONTARIO
2014-02-14 04:00,2014,2,14,04:00,,,,,,,,,,,,,,,,,,,,HIGH FALLS,ONTARIO
2014-02-14 05:00,2014,2,14,05:00,,,,,,,,,,,,,,,,,,,,HIGH FALLS,ONTARIO
2014-02-14 06:00,2014,2,14,06:00,,,,,,,,,,,,,,,,,,,,HIGH FALLS,ONTARIO
2014-02-14 07:00,2014,2,14,07:00,,,,,,,,,,,,,,,,,,,,HIGH FALLS,ONTARIO
2014-02-14 08:00,2014,2,14,08:00,,,,,,,,,,,,,,,,,,,,HIGH FALLS,ONTARIO
2014-02-14 09:00,2014,2,14,09:00,,,,,,,,,,,,,,,,,,,,HIGH FALLS,ONTARIO
2014-02-14 10:00,2014,2,14,10:00,,,,,,,,,,,,,,,,,,,,HIGH FALLS,ONTARIO
2014-02-14 11:00,2014,2,14,11:00,,,,,,,,,,,,,,,,,,,,HIGH FALLS,ONTARIO
2014-02-14 12:00,2014,2,14,12:00,,,,,,,,,,,,,,,,,,,,HIGH FALLS,ONTARIO
2014-02-14 13:00,2014,2,14,13:00,,,,,,,,,,,,,,,,,,,,HIGH FALLS,ONTARIO
2014-02-14 14:00,2014,2,14,14:00,,,,,,,,,,,,,,,,,,,,HIGH FALLS,ONTARIO
2014-02-14 15:00,2014,2,14,15:00,,,,,,,,,,,,,,,,,,,,HIGH FALLS,ONTARIO
2014-02-14 16:00,2014,2,14,16:00,,,,,,,,,,,,,,,,,,,,HIGH FALLS,ONTARIO
2014-02-14 17:00,2014,2,14,17:00,,,,,,,,,,,,,,,,,,,,HIGH FALLS,ONTARIO
2014-02-14 18:00,2014,2,14,18:00,,,,,,,,,,,,,,,,,,,,HIGH FALLS,ONTARIO
2014-02-14 19:00,2014,2,14,19:00,,,,,,,,,,,,,,,,,,,,HIGH FALLS,ONTARIO
2014-02-14 20:00,2014,2,14,20:00,,,,,,,,,,,,,,,,,,,,HIGH FALLS,ONTARIO
2014-02-14 21:00,2014,2,14,21:00,,,,,,,,,,,,,,,,,,,,HIGH FALLS,ONTARIO
2014-02-14 22:00,2014,2,14,22:00,,,,,,,,,,,,,,,,,,,,HIGH FALLS,ONTARIO
2014-02-14 23:00,2014,2,14,23:00,,,,,,,,,,,,,,,,,,,,HIGH FALLS,ONTARIO
2014-02-15 00:00,2014,2,15,00:00,,,,,,,,,,,,,,,,,,,,HIGH FALLS,ONTARIO
2014-02-15 01:00,2014,2,15,01:00,,,,,,,,,,,,,,,,,,,,HIGH FALLS,ONTARIO
2014-02-15 02:00,2014,2,15,02:00,,,,,,,,,,,,,,,,,,,,HIGH FALLS,ONTARIO
2014-02-15 03:00,2014,2,15,03:00,,,,,,,,,,,,,,,,,,,,HIGH FALLS,ONTARIO
2014-02-15 04:00,2014,2,15,04:00,,,,,,,,,,,,,,,,,,,,HIGH FALLS,ONTARIO
2014-02-15 05:00,2014,2,15,05:00,,,,,,,,,,,,,,,,,,,,HIGH FALLS,ONTARIO
2014-02-15 06:00,2014,2,15,06:00,,,,,,,,,,,,,,,,,,,,HIGH FALLS,ONTARIO
2014-02-15 07:00,2014,2,15,07:00,,,,,,,,,,,,,,,,,,,,HIGH FALLS,ONTARIO
2014-02-15 08:00,2014,2,15,08:00,,,,,,,,,,,,,,,,,,,,HIGH FALLS,ONTARIO
2014-02-15 09:00,2014,2,15,09:00,,,,,,,,,,,,,,,,,,,,HIGH FALLS,ONTARIO
2014-02-15 10:00,2014,2,15,10:00,,,,,,,,,,,,,,,,,,,,HIGH FALLS,ONTARIO
2014-02-15 11:00,2014,2,15,11:00,,,,,,,,,,,,,,,,,,,,HIGH FALLS,ONTARIO
2014-02-15 12:00,2014,2,15,12:00,,,,,,,,,,,,,,,,,,,,HIGH FALLS,ONTARIO
2014-02-15 13:00,2014,2,15,13:00,,,,,,,,,,,,,,,,,,,,HIGH FALLS,ONTARIO
2014-02-15 14:00,2014,2,15,14:00,,,,,,,,,,,,,,,,,,,,HIGH FALLS,ONTARIO
2014-02-15 15:00,2014,2,15,15:00,,,,,,,,,,,,,,,,,,,,HIGH FALLS,ONTARIO
2014-02-15 16:00,2014,2,15,16:00,,,,,,,,,,,,,,,,,,,,HIGH FALLS,ONTARIO
2014-02-15 17:00,2014,2,15,17:00,,,,,,,,,,,,,,,,,,,,HIGH FALLS,ONTARIO
2014-02-15 18:00,2014,2,15,18:00,,,,,,,,,,,,,,,,,,,,HIGH FALLS,ONTARIO
2014-02-15 19:00,2014,2,15,19:00,,,,,,,,,,,,,,,,,,,,HIGH FALLS,ONTARIO
2014-02-15 20:00,2014,2,15,20:00,,,,,,,,,,,,,,,,,,,,HIGH FALLS,ONTARIO
2014-02-15 21:00,2014,2,15,21:00,,,,,,,,,,,,,,,,,,,,HIGH FALLS,ONTARIO
2014-02-15 22:00,2014,2,15,22:00,,,,,,,,,,,,,,,,,,,,HIGH FALLS,ONTARIO
2014-02-15 23:00,2014,2,15,23:00,,,,,,,,,,,,,,,,,,,,HIGH FALLS,ONTARIO
2014-02-16 00:00,2014,2,16,00:00,,,,,,,,,,,,,,,,,,,,HIGH FALLS,ONTARIO
2014-02-16 01:00,2014,2,16,01:00,,,,,,,,,,,,,,,,,,,,HIGH FALLS,ONTARIO
2014-02-16 02:00,2014,2,16,02:00,,,,,,,,,,,,,,,,,,,,HIGH FALLS,ONTARIO
2014-02-16 03:00,2014,2,16,03:00,,,,,,,,,,,,,,,,,,,,HIGH FALLS,ONTARIO
2014-02-16 04:00,2014,2,16,04:00,,,,,,,,,,,,,,,,,,,,HIGH FALLS,ONTARIO
2014-02-16 05:00,2014,2,16,05:00,,,,,,,,,,,,,,,,,,,,HIGH FALLS,ONTARIO
2014-02-16 06:00,2014,2,16,06:00,,,,,,,,,,,,,,,,,,,,HIGH FALLS,ONTARIO
2014-02-16 07:00,2014,2,16,07:00,,,,,,,,,,,,,,,,,,,,HIGH FALLS,ONTARIO
2014-02-16 08:00,2014,2,16,08:00,,,,,,,,,,,,,,,,,,,,HIGH FALLS,ONTARIO
2014-02-16 09:00,2014,2,16,09:00,,,,,,,,,,,,,,,,,,,,HIGH FALLS,ONTARIO
2014-02-16 10:00,2014,2,16,10:00,,,,,,,,,,,,,,,,,,,,HIGH FALLS,ONTARIO
2014-02-16 11:00,2014,2,16,11:00,,,,,,,,,,,,,,,,,,,,HIGH FALLS,ONTARIO
2014-02-16 12:00,2014,2,16,12:00,,,,,,,,,,,,,,,,,,,,HIGH FALLS,ONTARIO
2014-02-16 13:00,2014,2,16,13:00,,,,,,,,,,,,,,,,,,,,HIGH FALLS,ONTARIO
2014-02-16 14:00,2014,2,16,14:00,,,,,,,,,,,,,,,,,,,,HIGH FALLS,ONTARIO
2014-02-16 15:00,2014,2,16,15:00,,,,,,,,,,,,,,,,,,,,HIGH FALLS,ONTARIO
2014-02-16 16:00,2014,2,16,16:00,,,,,,,,,,,,,,,,,,,,HIGH FALLS,ONTARIO
2014-02-16 17:00,2014,2,16,17:00,,,,,,,,,,,,,,,,,,,,HIGH FALLS,ONTARIO
2014-02-16 18:00,2014,2,16,18:00,,,,,,,,,,,,,,,,,,,,HIGH FALLS,ONTARIO
2014-02-16 19:00,2014,2,16,19:00,,,,,,,,,,,,,,,,,,,,HIGH FALLS,ONTARIO
2014-02-16 20:00,2014,2,16,20:00,,,,,,,,,,,,,,,,,,,,HIGH FALLS,ONTARIO
2014-02-16 21:00,2014,2,16,21:00,,,,,,,,,,,,,,,,,,,,HIGH FALLS,ONTARIO
2014-02-16 22:00,2014,2,16,22:00,,,,,,,,,,,,,,,,,,,,HIGH FALLS,ONTARIO
2014-02-16 23:00,2014,2,16,23:00,,,,,,,,,,,,,,,,,,,,HIGH FALLS,ONTARIO
2014-02-17 00:00,2014,2,17,00:00,,,,,,,,,,,,,,,,,,,,HIGH FALLS,ONTARIO
2014-02-17 01:00,2014,2,17,01:00,,,,,,,,,,,,,,,,,,,,HIGH FALLS,ONTARIO
2014-02-17 02:00,2014,2,17,02:00,,,,,,,,,,,,,,,,,,,,HIGH FALLS,ONTARIO
2014-02-17 03:00,2014,2,17,03:00,,,,,,,,,,,,,,,,,,,,HIGH FALLS,ONTARIO
2014-02-17 04:00,2014,2,17,04:00,,,,,,,,,,,,,,,,,,,,HIGH FALLS,ONTARIO
2014-02-17 05:00,2014,2,17,05:00,,,,,,,,,,,,,,,,,,,,HIGH FALLS,ONTARIO
2014-02-17 06:00,2014,2,17,06:00,,,,,,,,,,,,,,,,,,,,HIGH FALLS,ONTARIO
2014-02-17 07:00,2014,2,17,07:00,,,,,,,,,,,,,,,,,,,,HIGH FALLS,ONTARIO
2014-02-17 08:00,2014,2,17,08:00,,,,,,,,,,,,,,,,,,,,HIGH FALLS,ONTARIO
2014-02-17 09:00,2014,2,17,09:00,,,,,,,,,,,,,,,,,,,,HIGH FALLS,ONTARIO
2014-02-17 10:00,2014,2,17,10:00,,,,,,,,,,,,,,,,,,,,HIGH FALLS,ONTARIO
2014-02-17 11:00,2014,2,17,11:00,,,,,,,,,,,,,,,,,,,,HIGH FALLS,ONTARIO
2014-02-17 12:00,2014,2,17,12:00,,,,,,,,,,,,,,,,,,,,HIGH FALLS,ONTARIO
2014-02-17 13:00,2014,2,17,13:00,,,,,,,,,,,,,,,,,,,,HIGH FALLS,ONTARIO
2014-02-17 14:00,2014,2,17,14:00,,,,,,,,,,,,,,,,,,,,HIGH FALLS,ONTARIO
2014-02-17 15:00,2014,2,17,15:00,,,,,,,,,,,,,,,,,,,,HIGH FALLS,ONTARIO
2014-02-17 16:00,2014,2,17,16:00,,,,,,,,,,,,,,,,,,,,HIGH FALLS,ONTARIO
2014-02-17 17:00,2014,2,17,17:00,,,,,,,,,,,,,,,,,,,,HIGH FALLS,ONTARIO
2014-02-17 18:00,2014,2,17,18:00,,,,,,,,,,,,,,,,,,,,HIGH FALLS,ONTARIO
2014-02-17 19:00,2014,2,17,19:00,,,,,,,,,,,,,,,,,,,,HIGH FALLS,ONTARIO
2014-02-17 20:00,2014,2,17,20:00,,,,,,,,,,,,,,,,,,,,HIGH FALLS,ONTARIO
2014-02-17 21:00,2014,2,17,21:00,,,,,,,,,,,,,,,,,,,,HIGH FALLS,ONTARIO
2014-02-17 22:00,2014,2,17,22:00,,,,,,,,,,,,,,,,,,,,HIGH FALLS,ONTARIO
2014-02-17 23:00,2014,2,17,23:00,,,,,,,,,,,,,,,,,,,,HIGH FALLS,ONTARIO
2014-02-18 00:00,2014,2,18,00:00,,,,,,,,,,,,,,,,,,,,HIGH FALLS,ONTARIO
2014-02-18 01:00,2014,2,18,01:00,,,,,,,,,,,,,,,,,,,,HIGH FALLS,ONTARIO
2014-02-18 02:00,2014,2,18,02:00,,,,,,,,,,,,,,,,,,,,HIGH FALLS,ONTARIO
2014-02-18 03:00,2014,2,18,03:00,,,,,,,,,,,,,,,,,,,,HIGH FALLS,ONTARIO
2014-02-18 04:00,2014,2,18,04:00,,,,,,,,,,,,,,,,,,,,HIGH FALLS,ONTARIO
2014-02-18 05:00,2014,2,18,05:00,,,,,,,,,,,,,,,,,,,,HIGH FALLS,ONTARIO
2014-02-18 06:00,2014,2,18,06:00,,,,,,,,,,,,,,,,,,,,HIGH FALLS,ONTARIO
2014-02-18 07:00,2014,2,18,07:00,,,,,,,,,,,,,,,,,,,,HIGH FALLS,ONTARIO
2014-02-18 08:00,2014,2,18,08:00,,,,,,,,,,,,,,,,,,,,HIGH FALLS,ONTARIO
2014-02-18 09:00,2014,2,18,09:00,,,,,,,,,,,,,,,,,,,,HIGH FALLS,ONTARIO
2014-02-18 10:00,2014,2,18,10:00,,,,,,,,,,,,,,,,,,,,HIGH FALLS,ONTARIO
2014-02-18 11:00,2014,2,18,11:00,,,,,,,,,,,,,,,,,,,,HIGH FALLS,ONTARIO
2014-02-18 12:00,2014,2,18,12:00,,,,,,,,,,,,,,,,,,,,HIGH FALLS,ONTARIO
2014-02-18 13:00,2014,2,18,13:00,,,,,,,,,,,,,,,,,,,,HIGH FALLS,ONTARIO
2014-02-18 14:00,2014,2,18,14:00,,,,,,,,,,,,,,,,,,,,HIGH FALLS,ONTARIO
2014-02-18 15:00,2014,2,18,15:00,,,,,,,,,,,,,,,,,,,,HIGH FALLS,ONTARIO
2014-02-18 16:00,2014,2,18,16:00,,,,,,,,,,,,,,,,,,,,HIGH FALLS,ONTARIO
2014-02-18 17:00,2014,2,18,17:00,,,,,,,,,,,,,,,,,,,,HIGH FALLS,ONTARIO
2014-02-18 18:00,2014,2,18,18:00,,,,,,,,,,,,,,,,,,,,HIGH FALLS,ONTARIO
2014-02-18 19:00,2014,2,18,19:00,,,,,,,,,,,,,,,,,,,,HIGH FALLS,ONTARIO
2014-02-18 20:00,2014,2,18,20:00,,,,,,,,,,,,,,,,,,,,HIGH FALLS,ONTARIO
2014-02-18 21:00,2014,2,18,21:00,,,,,,,,,,,,,,,,,,,,HIGH FALLS,ONTARIO
2014-02-18 22:00,2014,2,18,22:00,,,,,,,,,,,,,,,,,,,,HIGH FALLS,ONTARIO
2014-02-18 23:00,2014,2,18,23:00,,,,,,,,,,,,,,,,,,,,HIGH FALLS,ONTARIO
2014-02-19 00:00,2014,2,19,00:00,,,,,,,,,,,,,,,,,,,,HIGH FALLS,ONTARIO
2014-02-19 01:00,2014,2,19,01:00,,,,,,,,,,,,,,,,,,,,HIGH FALLS,ONTARIO
2014-02-19 02:00,2014,2,19,02:00,,,,,,,,,,,,,,,,,,,,HIGH FALLS,ONTARIO
2014-02-19 03:00,2014,2,19,03:00,,,,,,,,,,,,,,,,,,,,HIGH FALLS,ONTARIO
2014-02-19 04:00,2014,2,19,04:00,,,,,,,,,,,,,,,,,,,,HIGH FALLS,ONTARIO
2014-02-19 05:00,2014,2,19,05:00,,,,,,,,,,,,,,,,,,,,HIGH FALLS,ONTARIO
2014-02-19 06:00,2014,2,19,06:00,,,,,,,,,,,,,,,,,,,,HIGH FALLS,ONTARIO
2014-02-19 07:00,2014,2,19,07:00,,,,,,,,,,,,,,,,,,,,HIGH FALLS,ONTARIO
2014-02-19 08:00,2014,2,19,08:00,,,,,,,,,,,,,,,,,,,,HIGH FALLS,ONTARIO
2014-02-19 09:00,2014,2,19,09:00,,,,,,,,,,,,,,,,,,,,HIGH FALLS,ONTARIO
2014-02-19 10:00,2014,2,19,10:00,,,,,,,,,,,,,,,,,,,,HIGH FALLS,ONTARIO
2014-02-19 11:00,2014,2,19,11:00,,,,,,,,,,,,,,,,,,,,HIGH FALLS,ONTARIO
2014-02-19 12:00,2014,2,19,12:00,,,,,,,,,,,,,,,,,,,,HIGH FALLS,ONTARIO
2014-02-19 13:00,2014,2,19,13:00,,,,,,,,,,,,,,,,,,,,HIGH FALLS,ONTARIO
2014-02-19 14:00,2014,2,19,14:00,,,,,,,,,,,,,,,,,,,,HIGH FALLS,ONTARIO
2014-02-19 15:00,2014,2,19,15:00,,,,,,,,,,,,,,,,,,,,HIGH FALLS,ONTARIO
2014-02-19 16:00,2014,2,19,16:00,,,,,,,,,,,,,,,,,,,,HIGH FALLS,ONTARIO
2014-02-19 17:00,2014,2,19,17:00,,,,,,,,,,,,,,,,,,,,HIGH FALLS,ONTARIO
2014-02-19 18:00,2014,2,19,18:00,,,,,,,,,,,,,,,,,,,,HIGH FALLS,ONTARIO
2014-02-19 19:00,2014,2,19,19:00,,,,,,,,,,,,,,,,,,,,HIGH FALLS,ONTARIO
2014-02-19 20:00,2014,2,19,20:00,,,,,,,,,,,,,,,,,,,,HIGH FALLS,ONTARIO
2014-02-19 21:00,2014,2,19,21:00,,,,,,,,,,,,,,,,,,,,HIGH FALLS,ONTARIO
2014-02-19 22:00,2014,2,19,22:00,,,,,,,,,,,,,,,,,,,,HIGH FALLS,ONTARIO
2014-02-19 23:00,2014,2,19,23:00,,,,,,,,,,,,,,,,,,,,HIGH FALLS,ONTARIO
2014-02-20 00:00,2014,2,20,00:00,,,,,,,,,,,,,,,,,,,,HIGH FALLS,ONTARIO
2014-02-20 01:00,2014,2,20,01:00,,,,,,,,,,,,,,,,,,,,HIGH FALLS,ONTARIO
2014-02-20 02:00,2014,2,20,02:00,,,,,,,,,,,,,,,,,,,,HIGH FALLS,ONTARIO
2014-02-20 03:00,2014,2,20,03:00,,,,,,,,,,,,,,,,,,,,HIGH FALLS,ONTARIO
2014-02-20 04:00,2014,2,20,04:00,,,,,,,,,,,,,,,,,,,,HIGH FALLS,ONTARIO
2014-02-20 05:00,2014,2,20,05:00,,,,,,,,,,,,,,,,,,,,HIGH FALLS,ONTARIO
2014-02-20 06:00,2014,2,20,06:00,,,,,,,,,,,,,,,,,,,,HIGH FALLS,ONTARIO
2014-02-20 07:00,2014,2,20,07:00,,,,,,,,,,,,,,,,,,,,HIGH FALLS,ONTARIO
2014-02-20 08:00,2014,2,20,08:00,,,,,,,,,,,,,,,,,,,,HIGH FALLS,ONTARIO
2014-02-20 09:00,2014,2,20,09:00,,,,,,,,,,,,,,,,,,,,HIGH FALLS,ONTARIO
2014-02-20 10:00,2014,2,20,10:00,,,,,,,,,,,,,,,,,,,,HIGH FALLS,ONTARIO
2014-02-20 11:00,2014,2,20,11:00,,,,,,,,,,,,,,,,,,,,HIGH FALLS,ONTARIO
2014-02-20 12:00,2014,2,20,12:00,,,,,,,,,,,,,,,,,,,,HIGH FALLS,ONTARIO
2014-02-20 13:00,2014,2,20,13:00,,,,,,,,,,,,,,,,,,,,HIGH FALLS,ONTARIO
2014-02-20 14:00,2014,2,20,14:00,,,,,,,,,,,,,,,,,,,,HIGH FALLS,ONTARIO
2014-02-20 15:00,2014,2,20,15:00,,,,,,,,,,,,,,,,,,,,HIGH FALLS,ONTARIO
2014-02-20 16:00,2014,2,20,16:00,,,,,,,,,,,,,,,,,,,,HIGH FALLS,ONTARIO
2014-02-20 17:00,2014,2,20,17:00,,,,,,,,,,,,,,,,,,,,HIGH FALLS,ONTARIO
2014-02-20 18:00,2014,2,20,18:00,,,,,,,,,,,,,,,,,,,,HIGH FALLS,ONTARIO
2014-02-20 19:00,2014,2,20,19:00,,,,,,,,,,,,,,,,,,,,HIGH FALLS,ONTARIO
2014-02-20 20:00,2014,2,20,20:00,,,,,,,,,,,,,,,,,,,,HIGH FALLS,ONTARIO
2014-02-20 21:00,2014,2,20,21:00,,,,,,,,,,,,,,,,,,,,HIGH FALLS,ONTARIO
2014-02-20 22:00,2014,2,20,22:00,,,,,,,,,,,,,,,,,,,,HIGH FALLS,ONTARIO
2014-02-20 23:00,2014,2,20,23:00,,,,,,,,,,,,,,,,,,,,HIGH FALLS,ONTARIO
2014-02-21 00:00,2014,2,21,00:00,,,,,,,,,,,,,,,,,,,,HIGH FALLS,ONTARIO
2014-02-21 01:00,2014,2,21,01:00,,,,,,,,,,,,,,,,,,,,HIGH FALLS,ONTARIO
2014-02-21 02:00,2014,2,21,02:00,,,,,,,,,,,,,,,,,,,,HIGH FALLS,ONTARIO
2014-02-21 03:00,2014,2,21,03:00,,,,,,,,,,,,,,,,,,,,HIGH FALLS,ONTARIO
2014-02-21 04:00,2014,2,21,04:00,,,,,,,,,,,,,,,,,,,,HIGH FALLS,ONTARIO
2014-02-21 05:00,2014,2,21,05:00,,,,,,,,,,,,,,,,,,,,HIGH FALLS,ONTARIO
2014-02-21 06:00,2014,2,21,06:00,,,,,,,,,,,,,,,,,,,,HIGH FALLS,ONTARIO
2014-02-21 07:00,2014,2,21,07:00,,,,,,,,,,,,,,,,,,,,HIGH FALLS,ONTARIO
2014-02-21 08:00,2014,2,21,08:00,,,,,,,,,,,,,,,,,,,,HIGH FALLS,ONTARIO
2014-02-21 09:00,2014,2,21,09:00,,,,,,,,,,,,,,,,,,,,HIGH FALLS,ONTARIO
2014-02-21 10:00,2014,2,21,10:00,,,,,,,,,,,,,,,,,,,,HIGH FALLS,ONTARIO
2014-02-21 11:00,2014,2,21,11:00,,,,,,,,,,,,,,,,,,,,HIGH FALLS,ONTARIO
2014-02-21 12:00,2014,2,21,12:00,,,,,,,,,,,,,,,,,,,,HIGH FALLS,ONTARIO
2014-02-21 13:00,2014,2,21,13:00,,,,,,,,,,,,,,,,,,,,HIGH FALLS,ONTARIO
2014-02-21 14:00,2014,2,21,14:00,,,,,,,,,,,,,,,,,,,,HIGH FALLS,ONTARIO
2014-02-21 15:00,2014,2,21,15:00,,,,,,,,,,,,,,,,,,,,HIGH FALLS,ONTARIO
2014-02-21 16:00,2014,2,21,16:00,,,,,,,,,,,,,,,,,,,,HIGH FALLS,ONTARIO
2014-02-21 17:00,2014,2,21,17:00,,,,,,,,,,,,,,,,,,,,HIGH FALLS,ONTARIO
2014-02-21 18:00,2014,2,21,18:00,,,,,,,,,,,,,,,,,,,,HIGH FALLS,ONTARIO
2014-02-21 19:00,2014,2,21,19:00,,,,,,,,,,,,,,,,,,,,HIGH FALLS,ONTARIO
2014-02-21 20:00,2014,2,21,20:00,,,,,,,,,,,,,,,,,,,,HIGH FALLS,ONTARIO
2014-02-21 21:00,2014,2,21,21:00,,,,,,,,,,,,,,,,,,,,HIGH FALLS,ONTARIO
2014-02-21 22:00,2014,2,21,22:00,,,,,,,,,,,,,,,,,,,,HIGH FALLS,ONTARIO
2014-02-21 23:00,2014,2,21,23:00,,,,,,,,,,,,,,,,,,,,HIGH FALLS,ONTARIO
2014-02-22 00:00,2014,2,22,00:00,,,,,,,,,,,,,,,,,,,,HIGH FALLS,ONTARIO
2014-02-22 01:00,2014,2,22,01:00,,,,,,,,,,,,,,,,,,,,HIGH FALLS,ONTARIO
2014-02-22 02:00,2014,2,22,02:00,,,,,,,,,,,,,,,,,,,,HIGH FALLS,ONTARIO
2014-02-22 03:00,2014,2,22,03:00,,,,,,,,,,,,,,,,,,,,HIGH FALLS,ONTARIO
2014-02-22 04:00,2014,2,22,04:00,,,,,,,,,,,,,,,,,,,,HIGH FALLS,ONTARIO
2014-02-22 05:00,2014,2,22,05:00,,,,,,,,,,,,,,,,,,,,HIGH FALLS,ONTARIO
2014-02-22 06:00,2014,2,22,06:00,,,,,,,,,,,,,,,,,,,,HIGH FALLS,ONTARIO
2014-02-22 07:00,2014,2,22,07:00,,,,,,,,,,,,,,,,,,,,HIGH FALLS,ONTARIO
2014-02-22 08:00,2014,2,22,08:00,,,,,,,,,,,,,,,,,,,,HIGH FALLS,ONTARIO
2014-02-22 09:00,2014,2,22,09:00,,,,,,,,,,,,,,,,,,,,HIGH FALLS,ONTARIO
2014-02-22 10:00,2014,2,22,10:00,,,,,,,,,,,,,,,,,,,,HIGH FALLS,ONTARIO
2014-02-22 11:00,2014,2,22,11:00,,,,,,,,,,,,,,,,,,,,HIGH FALLS,ONTARIO
2014-02-22 12:00,2014,2,22,12:00,,,,,,,,,,,,,,,,,,,,HIGH FALLS,ONTARIO
2014-02-22 13:00,2014,2,22,13:00,,,,,,,,,,,,,,,,,,,,HIGH FALLS,ONTARIO
2014-02-22 14:00,2014,2,22,14:00,,,,,,,,,,,,,,,,,,,,HIGH FALLS,ONTARIO
2014-02-22 15:00,2014,2,22,15:00,,,,,,,,,,,,,,,,,,,,HIGH FALLS,ONTARIO
2014-02-22 16:00,2014,2,22,16:00,,,,,,,,,,,,,,,,,,,,HIGH FALLS,ONTARIO
2014-02-22 17:00,2014,2,22,17:00,,,,,,,,,,,,,,,,,,,,HIGH FALLS,ONTARIO
2014-02-22 18:00,2014,2,22,18:00,,,,,,,,,,,,,,,,,,,,HIGH FALLS,ONTARIO
2014-02-22 19:00,2014,2,22,19:00,,,,,,,,,,,,,,,,,,,,HIGH FALLS,ONTARIO
2014-02-22 20:00,2014,2,22,20:00,,,,,,,,,,,,,,,,,,,,HIGH FALLS,ONTARIO
2014-02-22 21:00,2014,2,22,21:00,,,,,,,,,,,,,,,,,,,,HIGH FALLS,ONTARIO
2014-02-22 22:00,2014,2,22,22:00,,,,,,,,,,,,,,,,,,,,HIGH FALLS,ONTARIO
2014-02-22 23:00,2014,2,22,23:00,,,,,,,,,,,,,,,,,,,,HIGH FALLS,ONTARIO
2014-02-23 00:00,2014,2,23,00:00,,,,,,,,,,,,,,,,,,,,HIGH FALLS,ONTARIO
2014-02-23 01:00,2014,2,23,01:00,,,,,,,,,,,,,,,,,,,,HIGH FALLS,ONTARIO
2014-02-23 02:00,2014,2,23,02:00,,,,,,,,,,,,,,,,,,,,HIGH FALLS,ONTARIO
2014-02-23 03:00,2014,2,23,03:00,,,,,,,,,,,,,,,,,,,,HIGH FALLS,ONTARIO
2014-02-23 04:00,2014,2,23,04:00,,,,,,,,,,,,,,,,,,,,HIGH FALLS,ONTARIO
2014-02-23 05:00,2014,2,23,05:00,,,,,,,,,,,,,,,,,,,,HIGH FALLS,ONTARIO
2014-02-23 06:00,2014,2,23,06:00,,,,,,,,,,,,,,,,,,,,HIGH FALLS,ONTARIO
2014-02-23 07:00,2014,2,23,07:00,,,,,,,,,,,,,,,,,,,,HIGH FALLS,ONTARIO
2014-02-23 08:00,2014,2,23,08:00,,,,,,,,,,,,,,,,,,,,HIGH FALLS,ONTARIO
2014-02-23 09:00,2014,2,23,09:00,,,,,,,,,,,,,,,,,,,,HIGH FALLS,ONTARIO
2014-02-23 10:00,2014,2,23,10:00,,,,,,,,,,,,,,,,,,,,HIGH FALLS,ONTARIO
2014-02-23 11:00,2014,2,23,11:00,,,,,,,,,,,,,,,,,,,,HIGH FALLS,ONTARIO
2014-02-23 12:00,2014,2,23,12:00,,,,,,,,,,,,,,,,,,,,HIGH FALLS,ONTARIO
2014-02-23 13:00,2014,2,23,13:00,,,,,,,,,,,,,,,,,,,,HIGH FALLS,ONTARIO
2014-02-23 14:00,2014,2,23,14:00,,,,,,,,,,,,,,,,,,,,HIGH FALLS,ONTARIO
2014-02-23 15:00,2014,2,23,15:00,,,,,,,,,,,,,,,,,,,,HIGH FALLS,ONTARIO
2014-02-23 16:00,2014,2,23,16:00,,,,,,,,,,,,,,,,,,,,HIGH FALLS,ONTARIO
2014-02-23 17:00,2014,2,23,17:00,,,,,,,,,,,,,,,,,,,,HIGH FALLS,ONTARIO
2014-02-23 18:00,2014,2,23,18:00,,,,,,,,,,,,,,,,,,,,HIGH FALLS,ONTARIO
2014-02-23 19:00,2014,2,23,19:00,,,,,,,,,,,,,,,,,,,,HIGH FALLS,ONTARIO
2014-02-23 20:00,2014,2,23,20:00,,,,,,,,,,,,,,,,,,,,HIGH FALLS,ONTARIO
2014-02-23 21:00,2014,2,23,21:00,,,,,,,,,,,,,,,,,,,,HIGH FALLS,ONTARIO
2014-02-23 22:00,2014,2,23,22:00,,,,,,,,,,,,,,,,,,,,HIGH FALLS,ONTARIO
2014-02-23 23:00,2014,2,23,23:00,,,,,,,,,,,,,,,,,,,,HIGH FALLS,ONTARIO
2014-02-24 00:00,2014,2,24,00:00,,,,,,,,,,,,,,,,,,,,HIGH FALLS,ONTARIO
2014-02-24 01:00,2014,2,24,01:00,,,,,,,,,,,,,,,,,,,,HIGH FALLS,ONTARIO
2014-02-24 02:00,2014,2,24,02:00,,,,,,,,,,,,,,,,,,,,HIGH FALLS,ONTARIO
2014-02-24 03:00,2014,2,24,03:00,,,,,,,,,,,,,,,,,,,,HIGH FALLS,ONTARIO
2014-02-24 04:00,2014,2,24,04:00,,,,,,,,,,,,,,,,,,,,HIGH FALLS,ONTARIO
2014-02-24 05:00,2014,2,24,05:00,,,,,,,,,,,,,,,,,,,,HIGH FALLS,ONTARIO
2014-02-24 06:00,2014,2,24,06:00,,,,,,,,,,,,,,,,,,,,HIGH FALLS,ONTARIO
2014-02-24 07:00,2014,2,24,07:00,,,,,,,,,,,,,,,,,,,,HIGH FALLS,ONTARIO
2014-02-24 08:00,2014,2,24,08:00,,,,,,,,,,,,,,,,,,,,HIGH FALLS,ONTARIO
2014-02-24 09:00,2014,2,24,09:00,,,,,,,,,,,,,,,,,,,,HIGH FALLS,ONTARIO
2014-02-24 10:00,2014,2,24,10:00,,,,,,,,,,,,,,,,,,,,HIGH FALLS,ONTARIO
2014-02-24 11:00,2014,2,24,11:00,,,,,,,,,,,,,,,,,,,,HIGH FALLS,ONTARIO
2014-02-24 12:00,2014,2,24,12:00,,,,,,,,,,,,,,,,,,,,HIGH FALLS,ONTARIO
2014-02-24 13:00,2014,2,24,13:00,,,,,,,,,,,,,,,,,,,,HIGH FALLS,ONTARIO
2014-02-24 14:00,2014,2,24,14:00,,,,,,,,,,,,,,,,,,,,HIGH FALLS,ONTARIO
2014-02-24 15:00,2014,2,24,15:00,,,,,,,,,,,,,,,,,,,,HIGH FALLS,ONTARIO
2014-02-24 16:00,2014,2,24,16:00,,,,,,,,,,,,,,,,,,,,HIGH FALLS,ONTARIO
2014-02-24 17:00,2014,2,24,17:00,,,,,,,,,,,,,,,,,,,,HIGH FALLS,ONTARIO
2014-02-24 18:00,2014,2,24,18:00,,,,,,,,,,,,,,,,,,,,HIGH FALLS,ONTARIO
2014-02-24 19:00,2014,2,24,19:00,,,,,,,,,,,,,,,,,,,,HIGH FALLS,ONTARIO
2014-02-24 20:00,2014,2,24,20:00,,,,,,,,,,,,,,,,,,,,HIGH FALLS,ONTARIO
2014-02-24 21:00,2014,2,24,21:00,,,,,,,,,,,,,,,,,,,,HIGH FALLS,ONTARIO
2014-02-24 22:00,2014,2,24,22:00,,,,,,,,,,,,,,,,,,,,HIGH FALLS,ONTARIO
2014-02-24 23:00,2014,2,24,23:00,,,,,,,,,,,,,,,,,,,,HIGH FALLS,ONTARIO
2014-02-25 00:00,2014,2,25,00:00,,,,,,,,,,,,,,,,,,,,HIGH FALLS,ONTARIO
2014-02-25 01:00,2014,2,25,01:00,,,,,,,,,,,,,,,,,,,,HIGH FALLS,ONTARIO
2014-02-25 02:00,2014,2,25,02:00,,,,,,,,,,,,,,,,,,,,HIGH FALLS,ONTARIO
2014-02-25 03:00,2014,2,25,03:00,,,,,,,,,,,,,,,,,,,,HIGH FALLS,ONTARIO
2014-02-25 04:00,2014,2,25,04:00,,,,,,,,,,,,,,,,,,,,HIGH FALLS,ONTARIO
2014-02-25 05:00,2014,2,25,05:00,,,,,,,,,,,,,,,,,,,,HIGH FALLS,ONTARIO
2014-02-25 06:00,2014,2,25,06:00,,,,,,,,,,,,,,,,,,,,HIGH FALLS,ONTARIO
2014-02-25 07:00,2014,2,25,07:00,,,,,,,,,,,,,,,,,,,,HIGH FALLS,ONTARIO
2014-02-25 08:00,2014,2,25,08:00,,,,,,,,,,,,,,,,,,,,HIGH FALLS,ONTARIO
2014-02-25 09:00,2014,2,25,09:00,,,,,,,,,,,,,,,,,,,,HIGH FALLS,ONTARIO
2014-02-25 10:00,2014,2,25,10:00,,,,,,,,,,,,,,,,,,,,HIGH FALLS,ONTARIO
2014-02-25 11:00,2014,2,25,11:00,,,,,,,,,,,,,,,,,,,,HIGH FALLS,ONTARIO
2014-02-25 12:00,2014,2,25,12:00,,,,,,,,,,,,,,,,,,,,HIGH FALLS,ONTARIO
2014-02-25 13:00,2014,2,25,13:00,,,,,,,,,,,,,,,,,,,,HIGH FALLS,ONTARIO
2014-02-25 14:00,2014,2,25,14:00,,,,,,,,,,,,,,,,,,,,HIGH FALLS,ONTARIO
2014-02-25 15:00,2014,2,25,15:00,,,,,,,,,,,,,,,,,,,,HIGH FALLS,ONTARIO
2014-02-25 16:00,2014,2,25,16:00,,,,,,,,,,,,,,,,,,,,HIGH FALLS,ONTARIO
2014-02-25 17:00,2014,2,25,17:00,,,,,,,,,,,,,,,,,,,,HIGH FALLS,ONTARIO
2014-02-25 18:00,2014,2,25,18:00,,,,,,,,,,,,,,,,,,,,HIGH FALLS,ONTARIO
2014-02-25 19:00,2014,2,25,19:00,,,,,,,,,,,,,,,,,,,,HIGH FALLS,ONTARIO
2014-02-25 20:00,2014,2,25,20:00,,,,,,,,,,,,,,,,,,,,HIGH FALLS,ONTARIO
2014-02-25 21:00,2014,2,25,21:00,,,,,,,,,,,,,,,,,,,,HIGH FALLS,ONTARIO
2014-02-25 22:00,2014,2,25,22:00,,,,,,,,,,,,,,,,,,,,HIGH FALLS,ONTARIO
2014-02-25 23:00,2014,2,25,23:00,,,,,,,,,,,,,,,,,,,,HIGH FALLS,ONTARIO
2014-02-26 00:00,2014,2,26,00:00,,,,,,,,,,,,,,,,,,,,HIGH FALLS,ONTARIO
2014-02-26 01:00,2014,2,26,01:00,,,,,,,,,,,,,,,,,,,,HIGH FALLS,ONTARIO
2014-02-26 02:00,2014,2,26,02:00,,,,,,,,,,,,,,,,,,,,HIGH FALLS,ONTARIO
2014-02-26 03:00,2014,2,26,03:00,,,,,,,,,,,,,,,,,,,,HIGH FALLS,ONTARIO
2014-02-26 04:00,2014,2,26,04:00,,,,,,,,,,,,,,,,,,,,HIGH FALLS,ONTARIO
2014-02-26 05:00,2014,2,26,05:00,,,,,,,,,,,,,,,,,,,,HIGH FALLS,ONTARIO
2014-02-26 06:00,2014,2,26,06:00,,,,,,,,,,,,,,,,,,,,HIGH FALLS,ONTARIO
2014-02-26 07:00,2014,2,26,07:00,,,,,,,,,,,,,,,,,,,,HIGH FALLS,ONTARIO
2014-02-26 08:00,2014,2,26,08:00,,,,,,,,,,,,,,,,,,,,HIGH FALLS,ONTARIO
2014-02-26 09:00,2014,2,26,09:00,,,,,,,,,,,,,,,,,,,,HIGH FALLS,ONTARIO
2014-02-26 10:00,2014,2,26,10:00,,,,,,,,,,,,,,,,,,,,HIGH FALLS,ONTARIO
2014-02-26 11:00,2014,2,26,11:00,,,,,,,,,,,,,,,,,,,,HIGH FALLS,ONTARIO
2014-02-26 12:00,2014,2,26,12:00,,,,,,,,,,,,,,,,,,,,HIGH FALLS,ONTARIO
2014-02-26 13:00,2014,2,26,13:00,,,,,,,,,,,,,,,,,,,,HIGH FALLS,ONTARIO
2014-02-26 14:00,2014,2,26,14:00,,,,,,,,,,,,,,,,,,,,HIGH FALLS,ONTARIO
2014-02-26 15:00,2014,2,26,15:00,,,,,,,,,,,,,,,,,,,,HIGH FALLS,ONTARIO
2014-02-26 16:00,2014,2,26,16:00,,,,,,,,,,,,,,,,,,,,HIGH FALLS,ONTARIO
2014-02-26 17:00,2014,2,26,17:00,,,,,,,,,,,,,,,,,,,,HIGH FALLS,ONTARIO
2014-02-26 18:00,2014,2,26,18:00,,,,,,,,,,,,,,,,,,,,HIGH FALLS,ONTARIO
2014-02-26 19:00,2014,2,26,19:00,,,,,,,,,,,,,,,,,,,,HIGH FALLS,ONTARIO
2014-02-26 20:00,2014,2,26,20:00,,,,,,,,,,,,,,,,,,,,HIGH FALLS,ONTARIO
2014-02-26 21:00,2014,2,26,21:00,,,,,,,,,,,,,,,,,,,,HIGH FALLS,ONTARIO
2014-02-26 22:00,2014,2,26,22:00,,,,,,,,,,,,,,,,,,,,HIGH FALLS,ONTARIO
2014-02-26 23:00,2014,2,26,23:00,,,,,,,,,,,,,,,,,,,,HIGH FALLS,ONTARIO
2014-02-27 00:00,2014,2,27,00:00,,,,,,,,,,,,,,,,,,,,HIGH FALLS,ONTARIO
2014-02-27 01:00,2014,2,27,01:00,,,,,,,,,,,,,,,,,,,,HIGH FALLS,ONTARIO
2014-02-27 02:00,2014,2,27,02:00,,,,,,,,,,,,,,,,,,,,HIGH FALLS,ONTARIO
2014-02-27 03:00,2014,2,27,03:00,,,,,,,,,,,,,,,,,,,,HIGH FALLS,ONTARIO
2014-02-27 04:00,2014,2,27,04:00,,,,,,,,,,,,,,,,,,,,HIGH FALLS,ONTARIO
2014-02-27 05:00,2014,2,27,05:00,,,,,,,,,,,,,,,,,,,,HIGH FALLS,ONTARIO
2014-02-27 06:00,2014,2,27,06:00,,,,,,,,,,,,,,,,,,,,HIGH FALLS,ONTARIO
2014-02-27 07:00,2014,2,27,07:00,,,,,,,,,,,,,,,,,,,,HIGH FALLS,ONTARIO
2014-02-27 08:00,2014,2,27,08:00,,,,,,,,,,,,,,,,,,,,HIGH FALLS,ONTARIO
2014-02-27 09:00,2014,2,27,09:00,,,,,,,,,,,,,,,,,,,,HIGH FALLS,ONTARIO
2014-02-27 10:00,2014,2,27,10:00,,,,,,,,,,,,,,,,,,,,HIGH FALLS,ONTARIO
2014-02-27 11:00,2014,2,27,11:00,,,,,,,,,,,,,,,,,,,,HIGH FALLS,ONTARIO
2014-02-27 12:00,2014,2,27,12:00,,,,,,,,,,,,,,,,,,,,HIGH FALLS,ONTARIO
2014-02-27 13:00,2014,2,27,13:00,,,,,,,,,,,,,,,,,,,,HIGH FALLS,ONTARIO
2014-02-27 14:00,2014,2,27,14:00,,,,,,,,,,,,,,,,,,,,HIGH FALLS,ONTARIO
2014-02-27 15:00,2014,2,27,15:00,,,,,,,,,,,,,,,,,,,,HIGH FALLS,ONTARIO
2014-02-27 16:00,2014,2,27,16:00,,,,,,,,,,,,,,,,,,,,HIGH FALLS,ONTARIO
2014-02-27 17:00,2014,2,27,17:00,,,,,,,,,,,,,,,,,,,,HIGH FALLS,ONTARIO
2014-02-27 18:00,2014,2,27,18:00,,,,,,,,,,,,,,,,,,,,HIGH FALLS,ONTARIO
2014-02-27 19:00,2014,2,27,19:00,,,,,,,,,,,,,,,,,,,,HIGH FALLS,ONTARIO
2014-02-27 20:00,2014,2,27,20:00,,,,,,,,,,,,,,,,,,,,HIGH FALLS,ONTARIO
2014-02-27 21:00,2014,2,27,21:00,,,,,,,,,,,,,,,,,,,,HIGH FALLS,ONTARIO
2014-02-27 22:00,2014,2,27,22:00,,,,,,,,,,,,,,,,,,,,HIGH FALLS,ONTARIO
2014-02-27 23:00,2014,2,27,23:00,,,,,,,,,,,,,,,,,,,,HIGH FALLS,ONTARIO
2014-02-28 00:00,2014,2,28,00:00,,,,,,,,,,,,,,,,,,,,HIGH FALLS,ONTARIO
2014-02-28 01:00,2014,2,28,01:00,,,,,,,,,,,,,,,,,,,,HIGH FALLS,ONTARIO
2014-02-28 02:00,2014,2,28,02:00,,,,,,,,,,,,,,,,,,,,HIGH FALLS,ONTARIO
2014-02-28 03:00,2014,2,28,03:00,,,,,,,,,,,,,,,,,,,,HIGH FALLS,ONTARIO
2014-02-28 04:00,2014,2,28,04:00,,,,,,,,,,,,,,,,,,,,HIGH FALLS,ONTARIO
2014-02-28 05:00,2014,2,28,05:00,,,,,,,,,,,,,,,,,,,,HIGH FALLS,ONTARIO
2014-02-28 06:00,2014,2,28,06:00,,,,,,,,,,,,,,,,,,,,HIGH FALLS,ONTARIO
2014-02-28 07:00,2014,2,28,07:00,,,,,,,,,,,,,,,,,,,,HIGH FALLS,ONTARIO
2014-02-28 08:00,2014,2,28,08:00,,,,,,,,,,,,,,,,,,,,HIGH FALLS,ONTARIO
2014-02-28 09:00,2014,2,28,09:00,,,,,,,,,,,,,,,,,,,,HIGH FALLS,ONTARIO
2014-02-28 10:00,2014,2,28,10:00,,,,,,,,,,,,,,,,,,,,HIGH FALLS,ONTARIO
2014-02-28 11:00,2014,2,28,11:00,,,,,,,,,,,,,,,,,,,,HIGH FALLS,ONTARIO
2014-02-28 12:00,2014,2,28,12:00,,,,,,,,,,,,,,,,,,,,HIGH FALLS,ONTARIO
2014-02-28 13:00,2014,2,28,13:00,,,,,,,,,,,,,,,,,,,,HIGH FALLS,ONTARIO
2014-02-28 14:00,2014,2,28,14:00,,,,,,,,,,,,,,,,,,,,HIGH FALLS,ONTARIO
2014-02-28 15:00,2014,2,28,15:00,,,,,,,,,,,,,,,,,,,,HIGH FALLS,ONTARIO
2014-02-28 16:00,2014,2,28,16:00,,,,,,,,,,,,,,,,,,,,HIGH FALLS,ONTARIO
2014-02-28 17:00,2014,2,28,17:00,,,,,,,,,,,,,,,,,,,,HIGH FALLS,ONTARIO
2014-02-28 18:00,2014,2,28,18:00,,,,,,,,,,,,,,,,,,,,HIGH FALLS,ONTARIO
2014-02-28 19:00,2014,2,28,19:00,,,,,,,,,,,,,,,,,,,,HIGH FALLS,ONTARIO
2014-02-28 20:00,2014,2,28,20:00,,,,,,,,,,,,,,,,,,,,HIGH FALLS,ONTARIO
2014-02-28 21:00,2014,2,28,21:00,,,,,,,,,,,,,,,,,,,,HIGH FALLS,ONTARIO
2014-02-28 22:00,2014,2,28,22:00,,,,,,,,,,,,,,,,,,,,HIGH FALLS,ONTARIO
2014-02-28 23:00,2014,2,28,23:00,,,,,,,,,,,,,,,,,,,,HIGH FALLS,ONTARIO
2015-02-01 00:00,2015,2,1,00:00,,,,,,,,,,,,,,,,,,,,HIGH FALLS,ONTARIO
2015-02-01 01:00,2015,2,1,01:00,,,,,,,,,,,,,,,,,,,,HIGH FALLS,ONTARIO
2015-02-01 02:00,2015,2,1,02:00,,,,,,,,,,,,,,,,,,,,HIGH FALLS,ONTARIO
2015-02-01 03:00,2015,2,1,03:00,,,,,,,,,,,,,,,,,,,,HIGH FALLS,ONTARIO
2015-02-01 04:00,2015,2,1,04:00,,,,,,,,,,,,,,,,,,,,HIGH FALLS,ONTARIO
2015-02-01 05:00,2015,2,1,05:00,,,,,,,,,,,,,,,,,,,,HIGH FALLS,ONTARIO
2015-02-01 06:00,2015,2,1,06:00,,,,,,,,,,,,,,,,,,,,HIGH FALLS,ONTARIO
2015-02-01 07:00,2015,2,1,07:00,,,,,,,,,,,,,,,,,,,,HIGH FALLS,ONTARIO
2015-02-01 08:00,2015,2,1,08:00,,,,,,,,,,,,,,,,,,,,HIGH FALLS,ONTARIO
2015-02-01 09:00,2015,2,1,09:00,,,,,,,,,,,,,,,,,,,,HIGH FALLS,ONTARIO
2015-02-01 10:00,2015,2,1,10:00,,,,,,,,,,,,,,,,,,,,HIGH FALLS,ONTARIO
2015-02-01 11:00,2015,2,1,11:00,,,,,,,,,,,,,,,,,,,,HIGH FALLS,ONTARIO
2015-02-01 12:00,2015,2,1,12:00,,,,,,,,,,,,,,,,,,,,HIGH FALLS,ONTARIO
2015-02-01 13:00,2015,2,1,13:00,,,,,,,,,,,,,,,,,,,,HIGH FALLS,ONTARIO
2015-02-01 14:00,2015,2,1,14:00,,,,,,,,,,,,,,,,,,,,HIGH FALLS,ONTARIO
2015-02-01 15:00,2015,2,1,15:00,,,,,,,,,,,,,,,,,,,,HIGH FALLS,ONTARIO
2015-02-01 16:00,2015,2,1,16:00,,,,,,,,,,,,,,,,,,,,HIGH FALLS,ONTARIO
2015-02-01 17:00,2015,2,1,17:00,,,,,,,,,,,,,,,,,,,,HIGH FALLS,ONTARIO
2015-02-01 18:00,2015,2,1,18:00,,,,,,,,,,,,,,,,,,,,HIGH FALLS,ONTARIO
2015-02-01 19:00,2015,2,1,19:00,,,,,,,,,,,,,,,,,,,,HIGH FALLS,ONTARIO
2015-02-01 20:00,2015,2,1,20:00,,,,,,,,,,,,,,,,,,,,HIGH FALLS,ONTARIO
2015-02-01 21:00,2015,2,1,21:00,,,,,,,,,,,,,,,,,,,,HIGH FALLS,ONTARIO
2015-02-01 22:00,2015,2,1,22:00,,,,,,,,,,,,,,,,,,,,HIGH FALLS,ONTARIO
2015-02-01 23:00,2015,2,1,23:00,,,,,,,,,,,,,,,,,,,,HIGH FALLS,ONTARIO
2015-02-02 00:00,2015,2,2,00:00,,,,,,,,,,,,,,,,,,,,HIGH FALLS,ONTARIO
2015-02-02 01:00,2015,2,2,01:00,,,,,,,,,,,,,,,,,,,,HIGH FALLS,ONTARIO
2015-02-02 02:00,2015,2,2,02:00,,,,,,,,,,,,,,,,,,,,HIGH FALLS,ONTARIO
2015-02-02 03:00,2015,2,2,03:00,,,,,,,,,,,,,,,,,,,,HIGH FALLS,ONTARIO
2015-02-02 04:00,2015,2,2,04:00,,,,,,,,,,,,,,,,,,,,HIGH FALLS,ONTARIO
2015-02-02 05:00,2015,2,2,05:00,,,,,,,,,,,,,,,,,,,,HIGH FALLS,ONTARIO
2015-02-02 06:00,2015,2,2,06:00,,,,,,,,,,,,,,,,,,,,HIGH FALLS,ONTARIO
2015-02-02 07:00,2015,2,2,07:00,,,,,,,,,,,,,,,,,,,,HIGH FALLS,ONTARIO
2015-02-02 08:00,2015,2,2,08:00,,,,,,,,,,,,,,,,,,,,HIGH FALLS,ONTARIO
2015-02-02 09:00,2015,2,2,09:00,,,,,,,,,,,,,,,,,,,,HIGH FALLS,ONTARIO
2015-02-02 10:00,2015,2,2,10:00,,,,,,,,,,,,,,,,,,,,HIGH FALLS,ONTARIO
2015-02-02 11:00,2015,2,2,11:00,,,,,,,,,,,,,,,,,,,,HIGH FALLS,ONTARIO
2015-02-02 12:00,2015,2,2,12:00,,,,,,,,,,,,,,,,,,,,HIGH FALLS,ONTARIO
2015-02-02 13:00,2015,2,2,13:00,,,,,,,,,,,,,,,,,,,,HIGH FALLS,ONTARIO
2015-02-02 14:00,2015,2,2,14:00,,,,,,,,,,,,,,,,,,,,HIGH FALLS,ONTARIO
2015-02-02 15:00,2015,2,2,15:00,,,,,,,,,,,,,,,,,,,,HIGH FALLS,ONTARIO
2015-02-02 16:00,2015,2,2,16:00,,,,,,,,,,,,,,,,,,,,HIGH FALLS,ONTARIO
2015-02-02 17:00,2015,2,2,17:00,,,,,,,,,,,,,,,,,,,,HIGH FALLS,ONTARIO
2015-02-02 18:00,2015,2,2,18:00,,,,,,,,,,,,,,,,,,,,HIGH FALLS,ONTARIO
2015-02-02 19:00,2015,2,2,19:00,,,,,,,,,,,,,,,,,,,,HIGH FALLS,ONTARIO
2015-02-02 20:00,2015,2,2,20:00,,,,,,,,,,,,,,,,,,,,HIGH FALLS,ONTARIO
2015-02-02 21:00,2015,2,2,21:00,,,,,,,,,,,,,,,,,,,,HIGH FALLS,ONTARIO
2015-02-02 22:00,2015,2,2,22:00,,,,,,,,,,,,,,,,,,,,HIGH FALLS,ONTARIO
2015-02-02 23:00,2015,2,2,23:00,,,,,,,,,,,,,,,,,,,,HIGH FALLS,ONTARIO
2015-02-03 00:00,2015,2,3,00:00,,,,,,,,,,,,,,,,,,,,HIGH FALLS,ONTARIO
2015-02-03 01:00,2015,2,3,01:00,,,,,,,,,,,,,,,,,,,,HIGH FALLS,ONTARIO
2015-02-03 02:00,2015,2,3,02:00,,,,,,,,,,,,,,,,,,,,HIGH FALLS,ONTARIO
2015-02-03 03:00,2015,2,3,03:00,,,,,,,,,,,,,,,,,,,,HIGH FALLS,ONTARIO
2015-02-03 04:00,2015,2,3,04:00,,,,,,,,,,,,,,,,,,,,HIGH FALLS,ONTARIO
2015-02-03 05:00,2015,2,3,05:00,,,,,,,,,,,,,,,,,,,,HIGH FALLS,ONTARIO
2015-02-03 06:00,2015,2,3,06:00,,,,,,,,,,,,,,,,,,,,HIGH FALLS,ONTARIO
2015-02-03 07:00,2015,2,3,07:00,,,,,,,,,,,,,,,,,,,,HIGH FALLS,ONTARIO
2015-02-03 08:00,2015,2,3,08:00,,,,,,,,,,,,,,,,,,,,HIGH FALLS,ONTARIO
2015-02-03 09:00,2015,2,3,09:00,,,,,,,,,,,,,,,,,,,,HIGH FALLS,ONTARIO
2015-02-03 10:00,2015,2,3,10:00,,,,,,,,,,,,,,,,,,,,HIGH FALLS,ONTARIO
2015-02-03 11:00,2015,2,3,11:00,,,,,,,,,,,,,,,,,,,,HIGH FALLS,ONTARIO
2015-02-03 12:00,2015,2,3,12:00,,,,,,,,,,,,,,,,,,,,HIGH FALLS,ONTARIO
2015-02-03 13:00,2015,2,3,13:00,,,,,,,,,,,,,,,,,,,,HIGH FALLS,ONTARIO
2015-02-03 14:00,2015,2,3,14:00,,,,,,,,,,,,,,,,,,,,HIGH FALLS,ONTARIO
2015-02-03 15:00,2015,2,3,15:00,,,,,,,,,,,,,,,,,,,,HIGH FALLS,ONTARIO
2015-02-03 16:00,2015,2,3,16:00,,,,,,,,,,,,,,,,,,,,HIGH FALLS,ONTARIO
2015-02-03 17:00,2015,2,3,17:00,,,,,,,,,,,,,,,,,,,,HIGH FALLS,ONTARIO
2015-02-03 18:00,2015,2,3,18:00,,,,,,,,,,,,,,,,,,,,HIGH FALLS,ONTARIO
2015-02-03 19:00,2015,2,3,19:00,,,,,,,,,,,,,,,,,,,,HIGH FALLS,ONTARIO
2015-02-03 20:00,2015,2,3,20:00,,,,,,,,,,,,,,,,,,,,HIGH FALLS,ONTARIO
2015-02-03 21:00,2015,2,3,21:00,,,,,,,,,,,,,,,,,,,,HIGH FALLS,ONTARIO
2015-02-03 22:00,2015,2,3,22:00,,,,,,,,,,,,,,,,,,,,HIGH FALLS,ONTARIO
2015-02-03 23:00,2015,2,3,23:00,,,,,,,,,,,,,,,,,,,,HIGH FALLS,ONTARIO
2015-02-04 00:00,2015,2,4,00:00,,,,,,,,,,,,,,,,,,,,HIGH FALLS,ONTARIO
2015-02-04 01:00,2015,2,4,01:00,,,,,,,,,,,,,,,,,,,,HIGH FALLS,ONTARIO
2015-02-04 02:00,2015,2,4,02:00,,,,,,,,,,,,,,,,,,,,HIGH FALLS,ONTARIO
2015-02-04 03:00,2015,2,4,03:00,,,,,,,,,,,,,,,,,,,,HIGH FALLS,ONTARIO
2015-02-04 04:00,2015,2,4,04:00,,,,,,,,,,,,,,,,,,,,HIGH FALLS,ONTARIO
2015-02-04 05:00,2015,2,4,05:00,,,,,,,,,,,,,,,,,,,,HIGH FALLS,ONTARIO
2015-02-04 06:00,2015,2,4,06:00,,,,,,,,,,,,,,,,,,,,HIGH FALLS,ONTARIO
2015-02-04 07:00,2015,2,4,07:00,,,,,,,,,,,,,,,,,,,,HIGH FALLS,ONTARIO
2015-02-04 08:00,2015,2,4,08:00,,,,,,,,,,,,,,,,,,,,HIGH FALLS,ONTARIO
2015-02-04 09:00,2015,2,4,09:00,,,,,,,,,,,,,,,,,,,,HIGH FALLS,ONTARIO
2015-02-04 10:00,2015,2,4,10:00,,,,,,,,,,,,,,,,,,,,HIGH FALLS,ONTARIO
2015-02-04 11:00,2015,2,4,11:00,,,,,,,,,,,,,,,,,,,,HIGH FALLS,ONTARIO
2015-02-04 12:00,2015,2,4,12:00,,,,,,,,,,,,,,,,,,,,HIGH FALLS,ONTARIO
2015-02-04 13:00,2015,2,4,13:00,,,,,,,,,,,,,,,,,,,,HIGH FALLS,ONTARIO
2015-02-04 14:00,2015,2,4,14:00,,,,,,,,,,,,,,,,,,,,HIGH FALLS,ONTARIO
2015-02-04 15:00,2015,2,4,15:00,,,,,,,,,,,,,,,,,,,,HIGH FALLS,ONTARIO
2015-02-04 16:00,2015,2,4,16:00,,,,,,,,,,,,,,,,,,,,HIGH FALLS,ONTARIO
2015-02-04 17:00,2015,2,4,17:00,,,,,,,,,,,,,,,,,,,,HIGH FALLS,ONTARIO
2015-02-04 18:00,2015,2,4,18:00,,,,,,,,,,,,,,,,,,,,HIGH FALLS,ONTARIO
2015-02-04 19:00,2015,2,4,19:00,,,,,,,,,,,,,,,,,,,,HIGH FALLS,ONTARIO
2015-02-04 20:00,2015,2,4,20:00,,,,,,,,,,,,,,,,,,,,HIGH FALLS,ONTARIO
2015-02-04 21:00,2015,2,4,21:00,,,,,,,,,,,,,,,,,,,,HIGH FALLS,ONTARIO
2015-02-04 22:00,2015,2,4,22:00,,,,,,,,,,,,,,,,,,,,HIGH FALLS,ONTARIO
2015-02-04 23:00,2015,2,4,23:00,,,,,,,,,,,,,,,,,,,,HIGH FALLS,ONTARIO
2015-02-05 00:00,2015,2,5,00:00,,,,,,,,,,,,,,,,,,,,HIGH FALLS,ONTARIO
2015-02-05 01:00,2015,2,5,01:00,,,,,,,,,,,,,,,,,,,,HIGH FALLS,ONTARIO
2015-02-05 02:00,2015,2,5,02:00,,,,,,,,,,,,,,,,,,,,HIGH FALLS,ONTARIO
2015-02-05 03:00,2015,2,5,03:00,,,,,,,,,,,,,,,,,,,,HIGH FALLS,ONTARIO
2015-02-05 04:00,2015,2,5,04:00,,,,,,,,,,,,,,,,,,,,HIGH FALLS,ONTARIO
2015-02-05 05:00,2015,2,5,05:00,,,,,,,,,,,,,,,,,,,,HIGH FALLS,ONTARIO
2015-02-05 06:00,2015,2,5,06:00,,,,,,,,,,,,,,,,,,,,HIGH FALLS,ONTARIO
2015-02-05 07:00,2015,2,5,07:00,,,,,,,,,,,,,,,,,,,,HIGH FALLS,ONTARIO
2015-02-05 08:00,2015,2,5,08:00,,,,,,,,,,,,,,,,,,,,HIGH FALLS,ONTARIO
2015-02-05 09:00,2015,2,5,09:00,,,,,,,,,,,,,,,,,,,,HIGH FALLS,ONTARIO
2015-02-05 10:00,2015,2,5,10:00,,,,,,,,,,,,,,,,,,,,HIGH FALLS,ONTARIO
2015-02-05 11:00,2015,2,5,11:00,,,,,,,,,,,,,,,,,,,,HIGH FALLS,ONTARIO
2015-02-05 12:00,2015,2,5,12:00,,,,,,,,,,,,,,,,,,,,HIGH FALLS,ONTARIO
2015-02-05 13:00,2015,2,5,13:00,,,,,,,,,,,,,,,,,,,,HIGH FALLS,ONTARIO
2015-02-05 14:00,2015,2,5,14:00,,,,,,,,,,,,,,,,,,,,HIGH FALLS,ONTARIO
2015-02-05 15:00,2015,2,5,15:00,,,,,,,,,,,,,,,,,,,,HIGH FALLS,ONTARIO
2015-02-05 16:00,2015,2,5,16:00,,,,,,,,,,,,,,,,,,,,HIGH FALLS,ONTARIO
2015-02-05 17:00,2015,2,5,17:00,,,,,,,,,,,,,,,,,,,,HIGH FALLS,ONTARIO
2015-02-05 18:00,2015,2,5,18:00,,,,,,,,,,,,,,,,,,,,HIGH FALLS,ONTARIO
2015-02-05 19:00,2015,2,5,19:00,,,,,,,,,,,,,,,,,,,,HIGH FALLS,ONTARIO
2015-02-05 20:00,2015,2,5,20:00,,,,,,,,,,,,,,,,,,,,HIGH FALLS,ONTARIO
2015-02-05 21:00,2015,2,5,21:00,,,,,,,,,,,,,,,,,,,,HIGH FALLS,ONTARIO
2015-02-05 22:00,2015,2,5,22:00,,,,,,,,,,,,,,,,,,,,HIGH FALLS,ONTARIO
2015-02-05 23:00,2015,2,5,23:00,,,,,,,,,,,,,,,,,,,,HIGH FALLS,ONTARIO
2015-02-06 00:00,2015,2,6,00:00,,,,,,,,,,,,,,,,,,,,HIGH FALLS,ONTARIO
2015-02-06 01:00,2015,2,6,01:00,,,,,,,,,,,,,,,,,,,,HIGH FALLS,ONTARIO
2015-02-06 02:00,2015,2,6,02:00,,,,,,,,,,,,,,,,,,,,HIGH FALLS,ONTARIO
2015-02-06 03:00,2015,2,6,03:00,,,,,,,,,,,,,,,,,,,,HIGH FALLS,ONTARIO
2015-02-06 04:00,2015,2,6,04:00,,,,,,,,,,,,,,,,,,,,HIGH FALLS,ONTARIO
2015-02-06 05:00,2015,2,6,05:00,,,,,,,,,,,,,,,,,,,,HIGH FALLS,ONTARIO
2015-02-06 06:00,2015,2,6,06:00,,,,,,,,,,,,,,,,,,,,HIGH FALLS,ONTARIO
2015-02-06 07:00,2015,2,6,07:00,,,,,,,,,,,,,,,,,,,,HIGH FALLS,ONTARIO
2015-02-06 08:00,2015,2,6,08:00,,,,,,,,,,,,,,,,,,,,HIGH FALLS,ONTARIO
2015-02-06 09:00,2015,2,6,09:00,,,,,,,,,,,,,,,,,,,,HIGH FALLS,ONTARIO
2015-02-06 10:00,2015,2,6,10:00,,,,,,,,,,,,,,,,,,,,HIGH FALLS,ONTARIO
2015-02-06 11:00,2015,2,6,11:00,,,,,,,,,,,,,,,,,,,,HIGH FALLS,ONTARIO
2015-02-06 12:00,2015,2,6,12:00,,,,,,,,,,,,,,,,,,,,HIGH FALLS,ONTARIO
2015-02-06 13:00,2015,2,6,13:00,,,,,,,,,,,,,,,,,,,,HIGH FALLS,ONTARIO
2015-02-06 14:00,2015,2,6,14:00,,,,,,,,,,,,,,,,,,,,HIGH FALLS,ONTARIO
2015-02-06 15:00,2015,2,6,15:00,,,,,,,,,,,,,,,,,,,,HIGH FALLS,ONTARIO
2015-02-06 16:00,2015,2,6,16:00,,,,,,,,,,,,,,,,,,,,HIGH FALLS,ONTARIO
2015-02-06 17:00,2015,2,6,17:00,,,,,,,,,,,,,,,,,,,,HIGH FALLS,ONTARIO
2015-02-06 18:00,2015,2,6,18:00,,,,,,,,,,,,,,,,,,,,HIGH FALLS,ONTARIO
2015-02-06 19:00,2015,2,6,19:00,,,,,,,,,,,,,,,,,,,,HIGH FALLS,ONTARIO
2015-02-06 20:00,2015,2,6,20:00,,,,,,,,,,,,,,,,,,,,HIGH FALLS,ONTARIO
2015-02-06 21:00,2015,2,6,21:00,,,,,,,,,,,,,,,,,,,,HIGH FALLS,ONTARIO
2015-02-06 22:00,2015,2,6,22:00,,,,,,,,,,,,,,,,,,,,HIGH FALLS,ONTARIO
2015-02-06 23:00,2015,2,6,23:00,,,,,,,,,,,,,,,,,,,,HIGH FALLS,ONTARIO
2015-02-07 00:00,2015,2,7,00:00,,,,,,,,,,,,,,,,,,,,HIGH FALLS,ONTARIO
2015-02-07 01:00,2015,2,7,01:00,,,,,,,,,,,,,,,,,,,,HIGH FALLS,ONTARIO
2015-02-07 02:00,2015,2,7,02:00,,,,,,,,,,,,,,,,,,,,HIGH FALLS,ONTARIO
2015-02-07 03:00,2015,2,7,03:00,,,,,,,,,,,,,,,,,,,,HIGH FALLS,ONTARIO
2015-02-07 04:00,2015,2,7,04:00,,,,,,,,,,,,,,,,,,,,HIGH FALLS,ONTARIO
2015-02-07 05:00,2015,2,7,05:00,,,,,,,,,,,,,,,,,,,,HIGH FALLS,ONTARIO
2015-02-07 06:00,2015,2,7,06:00,,,,,,,,,,,,,,,,,,,,HIGH FALLS,ONTARIO
2015-02-07 07:00,2015,2,7,07:00,,,,,,,,,,,,,,,,,,,,HIGH FALLS,ONTARIO
2015-02-07 08:00,2015,2,7,08:00,,,,,,,,,,,,,,,,,,,,HIGH FALLS,ONTARIO
2015-02-07 09:00,2015,2,7,09:00,,,,,,,,,,,,,,,,,,,,HIGH FALLS,ONTARIO
2015-02-07 10:00,2015,2,7,10:00,,,,,,,,,,,,,,,,,,,,HIGH FALLS,ONTARIO
2015-02-07 11:00,2015,2,7,11:00,,,,,,,,,,,,,,,,,,,,HIGH FALLS,ONTARIO
2015-02-07 12:00,2015,2,7,12:00,,,,,,,,,,,,,,,,,,,,HIGH FALLS,ONTARIO
2015-02-07 13:00,2015,2,7,13:00,,,,,,,,,,,,,,,,,,,,HIGH FALLS,ONTARIO
2015-02-07 14:00,2015,2,7,14:00,,,,,,,,,,,,,,,,,,,,HIGH FALLS,ONTARIO
2015-02-07 15:00,2015,2,7,15:00,,,,,,,,,,,,,,,,,,,,HIGH FALLS,ONTARIO
2015-02-07 16:00,2015,2,7,16:00,,,,,,,,,,,,,,,,,,,,HIGH FALLS,ONTARIO
2015-02-07 17:00,2015,2,7,17:00,,,,,,,,,,,,,,,,,,,,HIGH FALLS,ONTARIO
2015-02-07 18:00,2015,2,7,18:00,,,,,,,,,,,,,,,,,,,,HIGH FALLS,ONTARIO
2015-02-07 19:00,2015,2,7,19:00,,,,,,,,,,,,,,,,,,,,HIGH FALLS,ONTARIO
2015-02-07 20:00,2015,2,7,20:00,,,,,,,,,,,,,,,,,,,,HIGH FALLS,ONTARIO
2015-02-07 21:00,2015,2,7,21:00,,,,,,,,,,,,,,,,,,,,HIGH FALLS,ONTARIO
2015-02-07 22:00,2015,2,7,22:00,,,,,,,,,,,,,,,,,,,,HIGH FALLS,ONTARIO
2015-02-07 23:00,2015,2,7,23:00,,,,,,,,,,,,,,,,,,,,HIGH FALLS,ONTARIO
2015-02-08 00:00,2015,2,8,00:00,,,,,,,,,,,,,,,,,,,,HIGH FALLS,ONTARIO
2015-02-08 01:00,2015,2,8,01:00,,,,,,,,,,,,,,,,,,,,HIGH FALLS,ONTARIO
2015-02-08 02:00,2015,2,8,02:00,,,,,,,,,,,,,,,,,,,,HIGH FALLS,ONTARIO
2015-02-08 03:00,2015,2,8,03:00,,,,,,,,,,,,,,,,,,,,HIGH FALLS,ONTARIO
2015-02-08 04:00,2015,2,8,04:00,,,,,,,,,,,,,,,,,,,,HIGH FALLS,ONTARIO
2015-02-08 05:00,2015,2,8,05:00,,,,,,,,,,,,,,,,,,,,HIGH FALLS,ONTARIO
2015-02-08 06:00,2015,2,8,06:00,,,,,,,,,,,,,,,,,,,,HIGH FALLS,ONTARIO
2015-02-08 07:00,2015,2,8,07:00,,,,,,,,,,,,,,,,,,,,HIGH FALLS,ONTARIO
2015-02-08 08:00,2015,2,8,08:00,,,,,,,,,,,,,,,,,,,,HIGH FALLS,ONTARIO
2015-02-08 09:00,2015,2,8,09:00,,,,,,,,,,,,,,,,,,,,HIGH FALLS,ONTARIO
2015-02-08 10:00,2015,2,8,10:00,,,,,,,,,,,,,,,,,,,,HIGH FALLS,ONTARIO
2015-02-08 11:00,2015,2,8,11:00,,,,,,,,,,,,,,,,,,,,HIGH FALLS,ONTARIO
2015-02-08 12:00,2015,2,8,12:00,,,,,,,,,,,,,,,,,,,,HIGH FALLS,ONTARIO
2015-02-08 13:00,2015,2,8,13:00,,,,,,,,,,,,,,,,,,,,HIGH FALLS,ONTARIO
2015-02-08 14:00,2015,2,8,14:00,,,,,,,,,,,,,,,,,,,,HIGH FALLS,ONTARIO
2015-02-08 15:00,2015,2,8,15:00,,,,,,,,,,,,,,,,,,,,HIGH FALLS,ONTARIO
2015-02-08 16:00,2015,2,8,16:00,,,,,,,,,,,,,,,,,,,,HIGH FALLS,ONTARIO
2015-02-08 17:00,2015,2,8,17:00,,,,,,,,,,,,,,,,,,,,HIGH FALLS,ONTARIO
2015-02-08 18:00,2015,2,8,18:00,,,,,,,,,,,,,,,,,,,,HIGH FALLS,ONTARIO
2015-02-08 19:00,2015,2,8,19:00,,,,,,,,,,,,,,,,,,,,HIGH FALLS,ONTARIO
2015-02-08 20:00,2015,2,8,20:00,,,,,,,,,,,,,,,,,,,,HIGH FALLS,ONTARIO
2015-02-08 21:00,2015,2,8,21:00,,,,,,,,,,,,,,,,,,,,HIGH FALLS,ONTARIO
2015-02-08 22:00,2015,2,8,22:00,,,,,,,,,,,,,,,,,,,,HIGH FALLS,ONTARIO
2015-02-08 23:00,2015,2,8,23:00,,,,,,,,,,,,,,,,,,,,HIGH FALLS,ONTARIO
2015-02-09 00:00,2015,2,9,00:00,,,,,,,,,,,,,,,,,,,,HIGH FALLS,ONTARIO
2015-02-09 01:00,2015,2,9,01:00,,,,,,,,,,,,,,,,,,,,HIGH FALLS,ONTARIO
2015-02-09 02:00,2015,2,9,02:00,,,,,,,,,,,,,,,,,,,,HIGH FALLS,ONTARIO
2015-02-09 03:00,2015,2,9,03:00,,,,,,,,,,,,,,,,,,,,HIGH FALLS,ONTARIO
2015-02-09 04:00,2015,2,9,04:00,,,,,,,,,,,,,,,,,,,,HIGH FALLS,ONTARIO
2015-02-09 05:00,2015,2,9,05:00,,,,,,,,,,,,,,,,,,,,HIGH FALLS,ONTARIO
2015-02-09 06:00,2015,2,9,06:00,,,,,,,,,,,,,,,,,,,,HIGH FALLS,ONTARIO
2015-02-09 07:00,2015,2,9,07:00,,,,,,,,,,,,,,,,,,,,HIGH FALLS,ONTARIO
2015-02-09 08:00,2015,2,9,08:00,,,,,,,,,,,,,,,,,,,,HIGH FALLS,ONTARIO
2015-02-09 09:00,2015,2,9,09:00,,,,,,,,,,,,,,,,,,,,HIGH FALLS,ONTARIO
2015-02-09 10:00,2015,2,9,10:00,,,,,,,,,,,,,,,,,,,,HIGH FALLS,ONTARIO
2015-02-09 11:00,2015,2,9,11:00,,,,,,,,,,,,,,,,,,,,HIGH FALLS,ONTARIO
2015-02-09 12:00,2015,2,9,12:00,,,,,,,,,,,,,,,,,,,,HIGH FALLS,ONTARIO
2015-02-09 13:00,2015,2,9,13:00,,,,,,,,,,,,,,,,,,,,HIGH FALLS,ONTARIO
2015-02-09 14:00,2015,2,9,14:00,,,,,,,,,,,,,,,,,,,,HIGH FALLS,ONTARIO
2015-02-09 15:00,2015,2,9,15:00,,,,,,,,,,,,,,,,,,,,HIGH FALLS,ONTARIO
2015-02-09 16:00,2015,2,9,16:00,,,,,,,,,,,,,,,,,,,,HIGH FALLS,ONTARIO
2015-02-09 17:00,2015,2,9,17:00,,,,,,,,,,,,,,,,,,,,HIGH FALLS,ONTARIO
2015-02-09 18:00,2015,2,9,18:00,,,,,,,,,,,,,,,,,,,,HIGH FALLS,ONTARIO
2015-02-09 19:00,2015,2,9,19:00,,,,,,,,,,,,,,,,,,,,HIGH FALLS,ONTARIO
2015-02-09 20:00,2015,2,9,20:00,,,,,,,,,,,,,,,,,,,,HIGH FALLS,ONTARIO
2015-02-09 21:00,2015,2,9,21:00,,,,,,,,,,,,,,,,,,,,HIGH FALLS,ONTARIO
2015-02-09 22:00,2015,2,9,22:00,,,,,,,,,,,,,,,,,,,,HIGH FALLS,ONTARIO
2015-02-09 23:00,2015,2,9,23:00,,,,,,,,,,,,,,,,,,,,HIGH FALLS,ONTARIO
2015-02-10 00:00,2015,2,10,00:00,,,,,,,,,,,,,,,,,,,,HIGH FALLS,ONTARIO
2015-02-10 01:00,2015,2,10,01:00,,,,,,,,,,,,,,,,,,,,HIGH FALLS,ONTARIO
2015-02-10 02:00,2015,2,10,02:00,,,,,,,,,,,,,,,,,,,,HIGH FALLS,ONTARIO
2015-02-10 03:00,2015,2,10,03:00,,,,,,,,,,,,,,,,,,,,HIGH FALLS,ONTARIO
2015-02-10 04:00,2015,2,10,04:00,,,,,,,,,,,,,,,,,,,,HIGH FALLS,ONTARIO
2015-02-10 05:00,2015,2,10,05:00,,,,,,,,,,,,,,,,,,,,HIGH FALLS,ONTARIO
2015-02-10 06:00,2015,2,10,06:00,,,,,,,,,,,,,,,,,,,,HIGH FALLS,ONTARIO
2015-02-10 07:00,2015,2,10,07:00,,,,,,,,,,,,,,,,,,,,HIGH FALLS,ONTARIO
2015-02-10 08:00,2015,2,10,08:00,,,,,,,,,,,,,,,,,,,,HIGH FALLS,ONTARIO
2015-02-10 09:00,2015,2,10,09:00,,,,,,,,,,,,,,,,,,,,HIGH FALLS,ONTARIO
2015-02-10 10:00,2015,2,10,10:00,,,,,,,,,,,,,,,,,,,,HIGH FALLS,ONTARIO
2015-02-10 11:00,2015,2,10,11:00,,,,,,,,,,,,,,,,,,,,HIGH FALLS,ONTARIO
2015-02-10 12:00,2015,2,10,12:00,,,,,,,,,,,,,,,,,,,,HIGH FALLS,ONTARIO
2015-02-10 13:00,2015,2,10,13:00,,,,,,,,,,,,,,,,,,,,HIGH FALLS,ONTARIO
2015-02-10 14:00,2015,2,10,14:00,,,,,,,,,,,,,,,,,,,,HIGH FALLS,ONTARIO
2015-02-10 15:00,2015,2,10,15:00,,,,,,,,,,,,,,,,,,,,HIGH FALLS,ONTARIO
2015-02-10 16:00,2015,2,10,16:00,,,,,,,,,,,,,,,,,,,,HIGH FALLS,ONTARIO
2015-02-10 17:00,2015,2,10,17:00,,,,,,,,,,,,,,,,,,,,HIGH FALLS,ONTARIO
2015-02-10 18:00,2015,2,10,18:00,,,,,,,,,,,,,,,,,,,,HIGH FALLS,ONTARIO
2015-02-10 19:00,2015,2,10,19:00,,,,,,,,,,,,,,,,,,,,HIGH FALLS,ONTARIO
2015-02-10 20:00,2015,2,10,20:00,,,,,,,,,,,,,,,,,,,,HIGH FALLS,ONTARIO
2015-02-10 21:00,2015,2,10,21:00,,,,,,,,,,,,,,,,,,,,HIGH FALLS,ONTARIO
2015-02-10 22:00,2015,2,10,22:00,,,,,,,,,,,,,,,,,,,,HIGH FALLS,ONTARIO
2015-02-10 23:00,2015,2,10,23:00,,,,,,,,,,,,,,,,,,,,HIGH FALLS,ONTARIO
2015-02-11 00:00,2015,2,11,00:00,,,,,,,,,,,,,,,,,,,,HIGH FALLS,ONTARIO
2015-02-11 01:00,2015,2,11,01:00,,,,,,,,,,,,,,,,,,,,HIGH FALLS,ONTARIO
2015-02-11 02:00,2015,2,11,02:00,,,,,,,,,,,,,,,,,,,,HIGH FALLS,ONTARIO
2015-02-11 03:00,2015,2,11,03:00,,,,,,,,,,,,,,,,,,,,HIGH FALLS,ONTARIO
2015-02-11 04:00,2015,2,11,04:00,,,,,,,,,,,,,,,,,,,,HIGH FALLS,ONTARIO
2015-02-11 05:00,2015,2,11,05:00,,,,,,,,,,,,,,,,,,,,HIGH FALLS,ONTARIO
2015-02-11 06:00,2015,2,11,06:00,,,,,,,,,,,,,,,,,,,,HIGH FALLS,ONTARIO
2015-02-11 07:00,2015,2,11,07:00,,,,,,,,,,,,,,,,,,,,HIGH FALLS,ONTARIO
2015-02-11 08:00,2015,2,11,08:00,,,,,,,,,,,,,,,,,,,,HIGH FALLS,ONTARIO
2015-02-11 09:00,2015,2,11,09:00,,,,,,,,,,,,,,,,,,,,HIGH FALLS,ONTARIO
2015-02-11 10:00,2015,2,11,10:00,,,,,,,,,,,,,,,,,,,,HIGH FALLS,ONTARIO
2015-02-11 11:00,2015,2,11,11:00,,,,,,,,,,,,,,,,,,,,HIGH FALLS,ONTARIO
2015-02-11 12:00,2015,2,11,12:00,,,,,,,,,,,,,,,,,,,,HIGH FALLS,ONTARIO
2015-02-11 13:00,2015,2,11,13:00,,,,,,,,,,,,,,,,,,,,HIGH FALLS,ONTARIO
2015-02-11 14:00,2015,2,11,14:00,,,,,,,,,,,,,,,,,,,,HIGH FALLS,ONTARIO
2015-02-11 15:00,2015,2,11,15:00,,,,,,,,,,,,,,,,,,,,HIGH FALLS,ONTARIO
2015-02-11 16:00,2015,2,11,16:00,,,,,,,,,,,,,,,,,,,,HIGH FALLS,ONTARIO
2015-02-11 17:00,2015,2,11,17:00,,,,,,,,,,,,,,,,,,,,HIGH FALLS,ONTARIO
2015-02-11 18:00,2015,2,11,18:00,,,,,,,,,,,,,,,,,,,,HIGH FALLS,ONTARIO
2015-02-11 19:00,2015,2,11,19:00,,,,,,,,,,,,,,,,,,,,HIGH FALLS,ONTARIO
2015-02-11 20:00,2015,2,11,20:00,,,,,,,,,,,,,,,,,,,,HIGH FALLS,ONTARIO
2015-02-11 21:00,2015,2,11,21:00,,,,,,,,,,,,,,,,,,,,HIGH FALLS,ONTARIO
2015-02-11 22:00,2015,2,11,22:00,,,,,,,,,,,,,,,,,,,,HIGH FALLS,ONTARIO
2015-02-11 23:00,2015,2,11,23:00,,,,,,,,,,,,,,,,,,,,HIGH FALLS,ONTARIO
2015-02-12 00:00,2015,2,12,00:00,,,,,,,,,,,,,,,,,,,,HIGH FALLS,ONTARIO
2015-02-12 01:00,2015,2,12,01:00,,,,,,,,,,,,,,,,,,,,HIGH FALLS,ONTARIO
2015-02-12 02:00,2015,2,12,02:00,,,,,,,,,,,,,,,,,,,,HIGH FALLS,ONTARIO
2015-02-12 03:00,2015,2,12,03:00,,,,,,,,,,,,,,,,,,,,HIGH FALLS,ONTARIO
2015-02-12 04:00,2015,2,12,04:00,,,,,,,,,,,,,,,,,,,,HIGH FALLS,ONTARIO
2015-02-12 05:00,2015,2,12,05:00,,,,,,,,,,,,,,,,,,,,HIGH FALLS,ONTARIO
2015-02-12 06:00,2015,2,12,06:00,,,,,,,,,,,,,,,,,,,,HIGH FALLS,ONTARIO
2015-02-12 07:00,2015,2,12,07:00,,,,,,,,,,,,,,,,,,,,HIGH FALLS,ONTARIO
2015-02-12 08:00,2015,2,12,08:00,,,,,,,,,,,,,,,,,,,,HIGH FALLS,ONTARIO
2015-02-12 09:00,2015,2,12,09:00,,,,,,,,,,,,,,,,,,,,HIGH FALLS,ONTARIO
2015-02-12 10:00,2015,2,12,10:00,,,,,,,,,,,,,,,,,,,,HIGH FALLS,ONTARIO
2015-02-12 11:00,2015,2,12,11:00,,,,,,,,,,,,,,,,,,,,HIGH FALLS,ONTARIO
2015-02-12 12:00,2015,2,12,12:00,,,,,,,,,,,,,,,,,,,,HIGH FALLS,ONTARIO
2015-02-12 13:00,2015,2,12,13:00,,,,,,,,,,,,,,,,,,,,HIGH FALLS,ONTARIO
2015-02-12 14:00,2015,2,12,14:00,,,,,,,,,,,,,,,,,,,,HIGH FALLS,ONTARIO
2015-02-12 15:00,2015,2,12,15:00,,,,,,,,,,,,,,,,,,,,HIGH FALLS,ONTARIO
2015-02-12 16:00,2015,2,12,16:00,,,,,,,,,,,,,,,,,,,,HIGH FALLS,ONTARIO
2015-02-12 17:00,2015,2,12,17:00,,,,,,,,,,,,,,,,,,,,HIGH FALLS,ONTARIO
2015-02-12 18:00,2015,2,12,18:00,,,,,,,,,,,,,,,,,,,,HIGH FALLS,ONTARIO
2015-02-12 19:00,2015,2,12,19:00,,,,,,,,,,,,,,,,,,,,HIGH FALLS,ONTARIO
2015-02-12 20:00,2015,2,12,20:00,,,,,,,,,,,,,,,,,,,,HIGH FALLS,ONTARIO
2015-02-12 21:00,2015,2,12,21:00,,,,,,,,,,,,,,,,,,,,HIGH FALLS,ONTARIO
2015-02-12 22:00,2015,2,12,22:00,,,,,,,,,,,,,,,,,,,,HIGH FALLS,ONTARIO
2015-02-12 23:00,2015,2,12,23:00,,,,,,,,,,,,,,,,,,,,HIGH FALLS,ONTARIO
2015-02-13 00:00,2015,2,13,00:00,,,,,,,,,,,,,,,,,,,,HIGH FALLS,ONTARIO
2015-02-13 01:00,2015,2,13,01:00,,,,,,,,,,,,,,,,,,,,HIGH FALLS,ONTARIO
2015-02-13 02:00,2015,2,13,02:00,,,,,,,,,,,,,,,,,,,,HIGH FALLS,ONTARIO
2015-02-13 03:00,2015,2,13,03:00,,,,,,,,,,,,,,,,,,,,HIGH FALLS,ONTARIO
2015-02-13 04:00,2015,2,13,04:00,,,,,,,,,,,,,,,,,,,,HIGH FALLS,ONTARIO
2015-02-13 05:00,2015,2,13,05:00,,,,,,,,,,,,,,,,,,,,HIGH FALLS,ONTARIO
2015-02-13 06:00,2015,2,13,06:00,,,,,,,,,,,,,,,,,,,,HIGH FALLS,ONTARIO
2015-02-13 07:00,2015,2,13,07:00,,,,,,,,,,,,,,,,,,,,HIGH FALLS,ONTARIO
2015-02-13 08:00,2015,2,13,08:00,,,,,,,,,,,,,,,,,,,,HIGH FALLS,ONTARIO
2015-02-13 09:00,2015,2,13,09:00,,,,,,,,,,,,,,,,,,,,HIGH FALLS,ONTARIO
2015-02-13 10:00,2015,2,13,10:00,,,,,,,,,,,,,,,,,,,,HIGH FALLS,ONTARIO
2015-02-13 11:00,2015,2,13,11:00,,,,,,,,,,,,,,,,,,,,HIGH FALLS,ONTARIO
2015-02-13 12:00,2015,2,13,12:00,,,,,,,,,,,,,,,,,,,,HIGH FALLS,ONTARIO
2015-02-13 13:00,2015,2,13,13:00,,,,,,,,,,,,,,,,,,,,HIGH FALLS,ONTARIO
2015-02-13 14:00,2015,2,13,14:00,,,,,,,,,,,,,,,,,,,,HIGH FALLS,ONTARIO
2015-02-13 15:00,2015,2,13,15:00,,,,,,,,,,,,,,,,,,,,HIGH FALLS,ONTARIO
2015-02-13 16:00,2015,2,13,16:00,,,,,,,,,,,,,,,,,,,,HIGH FALLS,ONTARIO
2015-02-13 17:00,2015,2,13,17:00,,,,,,,,,,,,,,,,,,,,HIGH FALLS,ONTARIO
2015-02-13 18:00,2015,2,13,18:00,,,,,,,,,,,,,,,,,,,,HIGH FALLS,ONTARIO
2015-02-13 19:00,2015,2,13,19:00,,,,,,,,,,,,,,,,,,,,HIGH FALLS,ONTARIO
2015-02-13 20:00,2015,2,13,20:00,,,,,,,,,,,,,,,,,,,,HIGH FALLS,ONTARIO
2015-02-13 21:00,2015,2,13,21:00,,,,,,,,,,,,,,,,,,,,HIGH FALLS,ONTARIO
2015-02-13 22:00,2015,2,13,22:00,,,,,,,,,,,,,,,,,,,,HIGH FALLS,ONTARIO
2015-02-13 23:00,2015,2,13,23:00,,,,,,,,,,,,,,,,,,,,HIGH FALLS,ONTARIO
2015-02-14 00:00,2015,2,14,00:00,,,,,,,,,,,,,,,,,,,,HIGH FALLS,ONTARIO
2015-02-14 01:00,2015,2,14,01:00,,,,,,,,,,,,,,,,,,,,HIGH FALLS,ONTARIO
2015-02-14 02:00,2015,2,14,02:00,,,,,,,,,,,,,,,,,,,,HIGH FALLS,ONTARIO
2015-02-14 03:00,2015,2,14,03:00,,,,,,,,,,,,,,,,,,,,HIGH FALLS,ONTARIO
2015-02-14 04:00,2015,2,14,04:00,,,,,,,,,,,,,,,,,,,,HIGH FALLS,ONTARIO
2015-02-14 05:00,2015,2,14,05:00,,,,,,,,,,,,,,,,,,,,HIGH FALLS,ONTARIO
2015-02-14 06:00,2015,2,14,06:00,,,,,,,,,,,,,,,,,,,,HIGH FALLS,ONTARIO
2015-02-14 07:00,2015,2,14,07:00,,,,,,,,,,,,,,,,,,,,HIGH FALLS,ONTARIO
2015-02-14 08:00,2015,2,14,08:00,,,,,,,,,,,,,,,,,,,,HIGH FALLS,ONTARIO
2015-02-14 09:00,2015,2,14,09:00,,,,,,,,,,,,,,,,,,,,HIGH FALLS,ONTARIO
2015-02-14 10:00,2015,2,14,10:00,,,,,,,,,,,,,,,,,,,,HIGH FALLS,ONTARIO
2015-02-14 11:00,2015,2,14,11:00,,,,,,,,,,,,,,,,,,,,HIGH FALLS,ONTARIO
2015-02-14 12:00,2015,2,14,12:00,,,,,,,,,,,,,,,,,,,,HIGH FALLS,ONTARIO
2015-02-14 13:00,2015,2,14,13:00,,,,,,,,,,,,,,,,,,,,HIGH FALLS,ONTARIO
2015-02-14 14:00,2015,2,14,14:00,,,,,,,,,,,,,,,,,,,,HIGH FALLS,ONTARIO
2015-02-14 15:00,2015,2,14,15:00,,,,,,,,,,,,,,,,,,,,HIGH FALLS,ONTARIO
2015-02-14 16:00,2015,2,14,16:00,,,,,,,,,,,,,,,,,,,,HIGH FALLS,ONTARIO
2015-02-14 17:00,2015,2,14,17:00,,,,,,,,,,,,,,,,,,,,HIGH FALLS,ONTARIO
2015-02-14 18:00,2015,2,14,18:00,,,,,,,,,,,,,,,,,,,,HIGH FALLS,ONTARIO
2015-02-14 19:00,2015,2,14,19:00,,,,,,,,,,,,,,,,,,,,HIGH FALLS,ONTARIO
2015-02-14 20:00,2015,2,14,20:00,,,,,,,,,,,,,,,,,,,,HIGH FALLS,ONTARIO
2015-02-14 21:00,2015,2,14,21:00,,,,,,,,,,,,,,,,,,,,HIGH FALLS,ONTARIO
2015-02-14 22:00,2015,2,14,22:00,,,,,,,,,,,,,,,,,,,,HIGH FALLS,ONTARIO
2015-02-14 23:00,2015,2,14,23:00,,,,,,,,,,,,,,,,,,,,HIGH FALLS,ONTARIO
2015-02-15 00:00,2015,2,15,00:00,,,,,,,,,,,,,,,,,,,,HIGH FALLS,ONTARIO
2015-02-15 01:00,2015,2,15,01:00,,,,,,,,,,,,,,,,,,,,HIGH FALLS,ONTARIO
2015-02-15 02:00,2015,2,15,02:00,,,,,,,,,,,,,,,,,,,,HIGH FALLS,ONTARIO
2015-02-15 03:00,2015,2,15,03:00,,,,,,,,,,,,,,,,,,,,HIGH FALLS,ONTARIO
2015-02-15 04:00,2015,2,15,04:00,,,,,,,,,,,,,,,,,,,,HIGH FALLS,ONTARIO
2015-02-15 05:00,2015,2,15,05:00,,,,,,,,,,,,,,,,,,,,HIGH FALLS,ONTARIO
2015-02-15 06:00,2015,2,15,06:00,,,,,,,,,,,,,,,,,,,,HIGH FALLS,ONTARIO
2015-02-15 07:00,2015,2,15,07:00,,,,,,,,,,,,,,,,,,,,HIGH FALLS,ONTARIO
2015-02-15 08:00,2015,2,15,08:00,,,,,,,,,,,,,,,,,,,,HIGH FALLS,ONTARIO
2015-02-15 09:00,2015,2,15,09:00,,,,,,,,,,,,,,,,,,,,HIGH FALLS,ONTARIO
2015-02-15 10:00,2015,2,15,10:00,,,,,,,,,,,,,,,,,,,,HIGH FALLS,ONTARIO
2015-02-15 11:00,2015,2,15,11:00,,,,,,,,,,,,,,,,,,,,HIGH FALLS,ONTARIO
2015-02-15 12:00,2015,2,15,12:00,,,,,,,,,,,,,,,,,,,,HIGH FALLS,ONTARIO
2015-02-15 13:00,2015,2,15,13:00,,,,,,,,,,,,,,,,,,,,HIGH FALLS,ONTARIO
2015-02-15 14:00,2015,2,15,14:00,,,,,,,,,,,,,,,,,,,,HIGH FALLS,ONTARIO
2015-02-15 15:00,2015,2,15,15:00,,,,,,,,,,,,,,,,,,,,HIGH FALLS,ONTARIO
2015-02-15 16:00,2015,2,15,16:00,,,,,,,,,,,,,,,,,,,,HIGH FALLS,ONTARIO
2015-02-15 17:00,2015,2,15,17:00,,,,,,,,,,,,,,,,,,,,HIGH FALLS,ONTARIO
2015-02-15 18:00,2015,2,15,18:00,,,,,,,,,,,,,,,,,,,,HIGH FALLS,ONTARIO
2015-02-15 19:00,2015,2,15,19:00,,,,,,,,,,,,,,,,,,,,HIGH FALLS,ONTARIO
2015-02-15 20:00,2015,2,15,20:00,,,,,,,,,,,,,,,,,,,,HIGH FALLS,ONTARIO
2015-02-15 21:00,2015,2,15,21:00,,,,,,,,,,,,,,,,,,,,HIGH FALLS,ONTARIO
2015-02-15 22:00,2015,2,15,22:00,,,,,,,,,,,,,,,,,,,,HIGH FALLS,ONTARIO
2015-02-15 23:00,2015,2,15,23:00,,,,,,,,,,,,,,,,,,,,HIGH FALLS,ONTARIO
2015-02-16 00:00,2015,2,16,00:00,,,,,,,,,,,,,,,,,,,,HIGH FALLS,ONTARIO
2015-02-16 01:00,2015,2,16,01:00,,,,,,,,,,,,,,,,,,,,HIGH FALLS,ONTARIO
2015-02-16 02:00,2015,2,16,02:00,,,,,,,,,,,,,,,,,,,,HIGH FALLS,ONTARIO
2015-02-16 03:00,2015,2,16,03:00,,,,,,,,,,,,,,,,,,,,HIGH FALLS,ONTARIO
2015-02-16 04:00,2015,2,16,04:00,,,,,,,,,,,,,,,,,,,,HIGH FALLS,ONTARIO
2015-02-16 05:00,2015,2,16,05:00,,,,,,,,,,,,,,,,,,,,HIGH FALLS,ONTARIO
2015-02-16 06:00,2015,2,16,06:00,,,,,,,,,,,,,,,,,,,,HIGH FALLS,ONTARIO
2015-02-16 07:00,2015,2,16,07:00,,,,,,,,,,,,,,,,,,,,HIGH FALLS,ONTARIO
2015-02-16 08:00,2015,2,16,08:00,,,,,,,,,,,,,,,,,,,,HIGH FALLS,ONTARIO
2015-02-16 09:00,2015,2,16,09:00,,,,,,,,,,,,,,,,,,,,HIGH FALLS,ONTARIO
2015-02-16 10:00,2015,2,16,10:00,,,,,,,,,,,,,,,,,,,,HIGH FALLS,ONTARIO
2015-02-16 11:00,2015,2,16,11:00,,,,,,,,,,,,,,,,,,,,HIGH FALLS,ONTARIO
2015-02-16 12:00,2015,2,16,12:00,,,,,,,,,,,,,,,,,,,,HIGH FALLS,ONTARIO
2015-02-16 13:00,2015,2,16,13:00,,,,,,,,,,,,,,,,,,,,HIGH FALLS,ONTARIO
2015-02-16 14:00,2015,2,16,14:00,,,,,,,,,,,,,,,,,,,,HIGH FALLS,ONTARIO
2015-02-16 15:00,2015,2,16,15:00,,,,,,,,,,,,,,,,,,,,HIGH FALLS,ONTARIO
2015-02-16 16:00,2015,2,16,16:00,,,,,,,,,,,,,,,,,,,,HIGH FALLS,ONTARIO
2015-02-16 17:00,2015,2,16,17:00,,,,,,,,,,,,,,,,,,,,HIGH FALLS,ONTARIO
2015-02-16 18:00,2015,2,16,18:00,,,,,,,,,,,,,,,,,,,,HIGH FALLS,ONTARIO
2015-02-16 19:00,2015,2,16,19:00,,,,,,,,,,,,,,,,,,,,HIGH FALLS,ONTARIO
2015-02-16 20:00,2015,2,16,20:00,,,,,,,,,,,,,,,,,,,,HIGH FALLS,ONTARIO
2015-02-16 21:00,2015,2,16,21:00,,,,,,,,,,,,,,,,,,,,HIGH FALLS,ONTARIO
2015-02-16 22:00,2015,2,16,22:00,,,,,,,,,,,,,,,,,,,,HIGH FALLS,ONTARIO
2015-02-16 23:00,2015,2,16,23:00,,,,,,,,,,,,,,,,,,,,HIGH FALLS,ONTARIO
2015-02-17 00:00,2015,2,17,00:00,,,,,,,,,,,,,,,,,,,,HIGH FALLS,ONTARIO
2015-02-17 01:00,2015,2,17,01:00,,,,,,,,,,,,,,,,,,,,HIGH FALLS,ONTARIO
2015-02-17 02:00,2015,2,17,02:00,,,,,,,,,,,,,,,,,,,,HIGH FALLS,ONTARIO
2015-02-17 03:00,2015,2,17,03:00,,,,,,,,,,,,,,,,,,,,HIGH FALLS,ONTARIO
2015-02-17 04:00,2015,2,17,04:00,,,,,,,,,,,,,,,,,,,,HIGH FALLS,ONTARIO
2015-02-17 05:00,2015,2,17,05:00,,,,,,,,,,,,,,,,,,,,HIGH FALLS,ONTARIO
2015-02-17 06:00,2015,2,17,06:00,,,,,,,,,,,,,,,,,,,,HIGH FALLS,ONTARIO
2015-02-17 07:00,2015,2,17,07:00,,,,,,,,,,,,,,,,,,,,HIGH FALLS,ONTARIO
2015-02-17 08:00,2015,2,17,08:00,,,,,,,,,,,,,,,,,,,,HIGH FALLS,ONTARIO
2015-02-17 09:00,2015,2,17,09:00,,,,,,,,,,,,,,,,,,,,HIGH FALLS,ONTARIO
2015-02-17 10:00,2015,2,17,10:00,,,,,,,,,,,,,,,,,,,,HIGH FALLS,ONTARIO
2015-02-17 11:00,2015,2,17,11:00,,,,,,,,,,,,,,,,,,,,HIGH FALLS,ONTARIO
2015-02-17 12:00,2015,2,17,12:00,,,,,,,,,,,,,,,,,,,,HIGH FALLS,ONTARIO
2015-02-17 13:00,2015,2,17,13:00,,,,,,,,,,,,,,,,,,,,HIGH FALLS,ONTARIO
2015-02-17 14:00,2015,2,17,14:00,,,,,,,,,,,,,,,,,,,,HIGH FALLS,ONTARIO
2015-02-17 15:00,2015,2,17,15:00,,,,,,,,,,,,,,,,,,,,HIGH FALLS,ONTARIO
2015-02-17 16:00,2015,2,17,16:00,,,,,,,,,,,,,,,,,,,,HIGH FALLS,ONTARIO
2015-02-17 17:00,2015,2,17,17:00,,,,,,,,,,,,,,,,,,,,HIGH FALLS,ONTARIO
2015-02-17 18:00,2015,2,17,18:00,,,,,,,,,,,,,,,,,,,,HIGH FALLS,ONTARIO
2015-02-17 19:00,2015,2,17,19:00,,,,,,,,,,,,,,,,,,,,HIGH FALLS,ONTARIO
2015-02-17 20:00,2015,2,17,20:00,,,,,,,,,,,,,,,,,,,,HIGH FALLS,ONTARIO
2015-02-17 21:00,2015,2,17,21:00,,,,,,,,,,,,,,,,,,,,HIGH FALLS,ONTARIO
2015-02-17 22:00,2015,2,17,22:00,,,,,,,,,,,,,,,,,,,,HIGH FALLS,ONTARIO
2015-02-17 23:00,2015,2,17,23:00,,,,,,,,,,,,,,,,,,,,HIGH FALLS,ONTARIO
2015-02-18 00:00,2015,2,18,00:00,,,,,,,,,,,,,,,,,,,,HIGH FALLS,ONTARIO
2015-02-18 01:00,2015,2,18,01:00,,,,,,,,,,,,,,,,,,,,HIGH FALLS,ONTARIO
2015-02-18 02:00,2015,2,18,02:00,,,,,,,,,,,,,,,,,,,,HIGH FALLS,ONTARIO
2015-02-18 03:00,2015,2,18,03:00,,,,,,,,,,,,,,,,,,,,HIGH FALLS,ONTARIO
2015-02-18 04:00,2015,2,18,04:00,,,,,,,,,,,,,,,,,,,,HIGH FALLS,ONTARIO
2015-02-18 05:00,2015,2,18,05:00,,,,,,,,,,,,,,,,,,,,HIGH FALLS,ONTARIO
2015-02-18 06:00,2015,2,18,06:00,,,,,,,,,,,,,,,,,,,,HIGH FALLS,ONTARIO
2015-02-18 07:00,2015,2,18,07:00,,,,,,,,,,,,,,,,,,,,HIGH FALLS,ONTARIO
2015-02-18 08:00,2015,2,18,08:00,,,,,,,,,,,,,,,,,,,,HIGH FALLS,ONTARIO
2015-02-18 09:00,2015,2,18,09:00,,,,,,,,,,,,,,,,,,,,HIGH FALLS,ONTARIO
2015-02-18 10:00,2015,2,18,10:00,,,,,,,,,,,,,,,,,,,,HIGH FALLS,ONTARIO
2015-02-18 11:00,2015,2,18,11:00,,,,,,,,,,,,,,,,,,,,HIGH FALLS,ONTARIO
2015-02-18 12:00,2015,2,18,12:00,,,,,,,,,,,,,,,,,,,,HIGH FALLS,ONTARIO
2015-02-18 13:00,2015,2,18,13:00,,,,,,,,,,,,,,,,,,,,HIGH FALLS,ONTARIO
2015-02-18 14:00,2015,2,18,14:00,,,,,,,,,,,,,,,,,,,,HIGH FALLS,ONTARIO
2015-02-18 15:00,2015,2,18,15:00,,,,,,,,,,,,,,,,,,,,HIGH FALLS,ONTARIO
2015-02-18 16:00,2015,2,18,16:00,,,,,,,,,,,,,,,,,,,,HIGH FALLS,ONTARIO
2015-02-18 17:00,2015,2,18,17:00,,,,,,,,,,,,,,,,,,,,HIGH FALLS,ONTARIO
2015-02-18 18:00,2015,2,18,18:00,,,,,,,,,,,,,,,,,,,,HIGH FALLS,ONTARIO
2015-02-18 19:00,2015,2,18,19:00,,,,,,,,,,,,,,,,,,,,HIGH FALLS,ONTARIO
2015-02-18 20:00,2015,2,18,20:00,,,,,,,,,,,,,,,,,,,,HIGH FALLS,ONTARIO
2015-02-18 21:00,2015,2,18,21:00,,,,,,,,,,,,,,,,,,,,HIGH FALLS,ONTARIO
2015-02-18 22:00,2015,2,18,22:00,,,,,,,,,,,,,,,,,,,,HIGH FALLS,ONTARIO
2015-02-18 23:00,2015,2,18,23:00,,,,,,,,,,,,,,,,,,,,HIGH FALLS,ONTARIO
2015-02-19 00:00,2015,2,19,00:00,,,,,,,,,,,,,,,,,,,,HIGH FALLS,ONTARIO
2015-02-19 01:00,2015,2,19,01:00,,,,,,,,,,,,,,,,,,,,HIGH FALLS,ONTARIO
2015-02-19 02:00,2015,2,19,02:00,,,,,,,,,,,,,,,,,,,,HIGH FALLS,ONTARIO
2015-02-19 03:00,2015,2,19,03:00,,,,,,,,,,,,,,,,,,,,HIGH FALLS,ONTARIO
2015-02-19 04:00,2015,2,19,04:00,,,,,,,,,,,,,,,,,,,,HIGH FALLS,ONTARIO
2015-02-19 05:00,2015,2,19,05:00,,,,,,,,,,,,,,,,,,,,HIGH FALLS,ONTARIO
2015-02-19 06:00,2015,2,19,06:00,,,,,,,,,,,,,,,,,,,,HIGH FALLS,ONTARIO
2015-02-19 07:00,2015,2,19,07:00,,,,,,,,,,,,,,,,,,,,HIGH FALLS,ONTARIO
2015-02-19 08:00,2015,2,19,08:00,,,,,,,,,,,,,,,,,,,,HIGH FALLS,ONTARIO
2015-02-19 09:00,2015,2,19,09:00,,,,,,,,,,,,,,,,,,,,HIGH FALLS,ONTARIO
2015-02-19 10:00,2015,2,19,10:00,,,,,,,,,,,,,,,,,,,,HIGH FALLS,ONTARIO
2015-02-19 11:00,2015,2,19,11:00,,,,,,,,,,,,,,,,,,,,HIGH FALLS,ONTARIO
2015-02-19 12:00,2015,2,19,12:00,,,,,,,,,,,,,,,,,,,,HIGH FALLS,ONTARIO
2015-02-19 13:00,2015,2,19,13:00,,,,,,,,,,,,,,,,,,,,HIGH FALLS,ONTARIO
2015-02-19 14:00,2015,2,19,14:00,,,,,,,,,,,,,,,,,,,,HIGH FALLS,ONTARIO
2015-02-19 15:00,2015,2,19,15:00,,,,,,,,,,,,,,,,,,,,HIGH FALLS,ONTARIO
2015-02-19 16:00,2015,2,19,16:00,,,,,,,,,,,,,,,,,,,,HIGH FALLS,ONTARIO
2015-02-19 17:00,2015,2,19,17:00,,,,,,,,,,,,,,,,,,,,HIGH FALLS,ONTARIO
2015-02-19 18:00,2015,2,19,18:00,,,,,,,,,,,,,,,,,,,,HIGH FALLS,ONTARIO
2015-02-19 19:00,2015,2,19,19:00,,,,,,,,,,,,,,,,,,,,HIGH FALLS,ONTARIO
2015-02-19 20:00,2015,2,19,20:00,,,,,,,,,,,,,,,,,,,,HIGH FALLS,ONTARIO
2015-02-19 21:00,2015,2,19,21:00,,,,,,,,,,,,,,,,,,,,HIGH FALLS,ONTARIO
2015-02-19 22:00,2015,2,19,22:00,,,,,,,,,,,,,,,,,,,,HIGH FALLS,ONTARIO
2015-02-19 23:00,2015,2,19,23:00,,,,,,,,,,,,,,,,,,,,HIGH FALLS,ONTARIO
2015-02-20 00:00,2015,2,20,00:00,,,,,,,,,,,,,,,,,,,,HIGH FALLS,ONTARIO
2015-02-20 01:00,2015,2,20,01:00,,,,,,,,,,,,,,,,,,,,HIGH FALLS,ONTARIO
2015-02-20 02:00,2015,2,20,02:00,,,,,,,,,,,,,,,,,,,,HIGH FALLS,ONTARIO
2015-02-20 03:00,2015,2,20,03:00,,,,,,,,,,,,,,,,,,,,HIGH FALLS,ONTARIO
2015-02-20 04:00,2015,2,20,04:00,,,,,,,,,,,,,,,,,,,,HIGH FALLS,ONTARIO
2015-02-20 05:00,2015,2,20,05:00,,,,,,,,,,,,,,,,,,,,HIGH FALLS,ONTARIO
2015-02-20 06:00,2015,2,20,06:00,,,,,,,,,,,,,,,,,,,,HIGH FALLS,ONTARIO
2015-02-20 07:00,2015,2,20,07:00,,,,,,,,,,,,,,,,,,,,HIGH FALLS,ONTARIO
2015-02-20 08:00,2015,2,20,08:00,,,,,,,,,,,,,,,,,,,,HIGH FALLS,ONTARIO
2015-02-20 09:00,2015,2,20,09:00,,,,,,,,,,,,,,,,,,,,HIGH FALLS,ONTARIO
2015-02-20 10:00,2015,2,20,10:00,,,,,,,,,,,,,,,,,,,,HIGH FALLS,ONTARIO
2015-02-20 11:00,2015,2,20,11:00,,,,,,,,,,,,,,,,,,,,HIGH FALLS,ONTARIO
2015-02-20 12:00,2015,2,20,12:00,,,,,,,,,,,,,,,,,,,,HIGH FALLS,ONTARIO
2015-02-20 13:00,2015,2,20,13:00,,,,,,,,,,,,,,,,,,,,HIGH FALLS,ONTARIO
2015-02-20 14:00,2015,2,20,14:00,,,,,,,,,,,,,,,,,,,,HIGH FALLS,ONTARIO
2015-02-20 15:00,2015,2,20,15:00,,,,,,,,,,,,,,,,,,,,HIGH FALLS,ONTARIO
2015-02-20 16:00,2015,2,20,16:00,,,,,,,,,,,,,,,,,,,,HIGH FALLS,ONTARIO
2015-02-20 17:00,2015,2,20,17:00,,,,,,,,,,,,,,,,,,,,HIGH FALLS,ONTARIO
2015-02-20 18:00,2015,2,20,18:00,,,,,,,,,,,,,,,,,,,,HIGH FALLS,ONTARIO
2015-02-20 19:00,2015,2,20,19:00,,,,,,,,,,,,,,,,,,,,HIGH FALLS,ONTARIO
2015-02-20 20:00,2015,2,20,20:00,,,,,,,,,,,,,,,,,,,,HIGH FALLS,ONTARIO
2015-02-20 21:00,2015,2,20,21:00,,,,,,,,,,,,,,,,,,,,HIGH FALLS,ONTARIO
2015-02-20 22:00,2015,2,20,22:00,,,,,,,,,,,,,,,,,,,,HIGH FALLS,ONTARIO
2015-02-20 23:00,2015,2,20,23:00,,,,,,,,,,,,,,,,,,,,HIGH FALLS,ONTARIO
2015-02-21 00:00,2015,2,21,00:00,,,,,,,,,,,,,,,,,,,,HIGH FALLS,ONTARIO
2015-02-21 01:00,2015,2,21,01:00,,,,,,,,,,,,,,,,,,,,HIGH FALLS,ONTARIO
2015-02-21 02:00,2015,2,21,02:00,,,,,,,,,,,,,,,,,,,,HIGH FALLS,ONTARIO
2015-02-21 03:00,2015,2,21,03:00,,,,,,,,,,,,,,,,,,,,HIGH FALLS,ONTARIO
2015-02-21 04:00,2015,2,21,04:00,,,,,,,,,,,,,,,,,,,,HIGH FALLS,ONTARIO
2015-02-21 05:00,2015,2,21,05:00,,,,,,,,,,,,,,,,,,,,HIGH FALLS,ONTARIO
2015-02-21 06:00,2015,2,21,06:00,,,,,,,,,,,,,,,,,,,,HIGH FALLS,ONTARIO
2015-02-21 07:00,2015,2,21,07:00,,,,,,,,,,,,,,,,,,,,HIGH FALLS,ONTARIO
2015-02-21 08:00,2015,2,21,08:00,,,,,,,,,,,,,,,,,,,,HIGH FALLS,ONTARIO
2015-02-21 09:00,2015,2,21,09:00,,,,,,,,,,,,,,,,,,,,HIGH FALLS,ONTARIO
2015-02-21 10:00,2015,2,21,10:00,,,,,,,,,,,,,,,,,,,,HIGH FALLS,ONTARIO
2015-02-21 11:00,2015,2,21,11:00,,,,,,,,,,,,,,,,,,,,HIGH FALLS,ONTARIO
2015-02-21 12:00,2015,2,21,12:00,,,,,,,,,,,,,,,,,,,,HIGH FALLS,ONTARIO
2015-02-21 13:00,2015,2,21,13:00,,,,,,,,,,,,,,,,,,,,HIGH FALLS,ONTARIO
2015-02-21 14:00,2015,2,21,14:00,,,,,,,,,,,,,,,,,,,,HIGH FALLS,ONTARIO
2015-02-21 15:00,2015,2,21,15:00,,,,,,,,,,,,,,,,,,,,HIGH FALLS,ONTARIO
2015-02-21 16:00,2015,2,21,16:00,,,,,,,,,,,,,,,,,,,,HIGH FALLS,ONTARIO
2015-02-21 17:00,2015,2,21,17:00,,,,,,,,,,,,,,,,,,,,HIGH FALLS,ONTARIO
2015-02-21 18:00,2015,2,21,18:00,,,,,,,,,,,,,,,,,,,,HIGH FALLS,ONTARIO
2015-02-21 19:00,2015,2,21,19:00,,,,,,,,,,,,,,,,,,,,HIGH FALLS,ONTARIO
2015-02-21 20:00,2015,2,21,20:00,,,,,,,,,,,,,,,,,,,,HIGH FALLS,ONTARIO
2015-02-21 21:00,2015,2,21,21:00,,,,,,,,,,,,,,,,,,,,HIGH FALLS,ONTARIO
2015-02-21 22:00,2015,2,21,22:00,,,,,,,,,,,,,,,,,,,,HIGH FALLS,ONTARIO
2015-02-21 23:00,2015,2,21,23:00,,,,,,,,,,,,,,,,,,,,HIGH FALLS,ONTARIO
2015-02-22 00:00,2015,2,22,00:00,,,,,,,,,,,,,,,,,,,,HIGH FALLS,ONTARIO
2015-02-22 01:00,2015,2,22,01:00,,,,,,,,,,,,,,,,,,,,HIGH FALLS,ONTARIO
2015-02-22 02:00,2015,2,22,02:00,,,,,,,,,,,,,,,,,,,,HIGH FALLS,ONTARIO
2015-02-22 03:00,2015,2,22,03:00,,,,,,,,,,,,,,,,,,,,HIGH FALLS,ONTARIO
2015-02-22 04:00,2015,2,22,04:00,,,,,,,,,,,,,,,,,,,,HIGH FALLS,ONTARIO
2015-02-22 05:00,2015,2,22,05:00,,,,,,,,,,,,,,,,,,,,HIGH FALLS,ONTARIO
2015-02-22 06:00,2015,2,22,06:00,,,,,,,,,,,,,,,,,,,,HIGH FALLS,ONTARIO
2015-02-22 07:00,2015,2,22,07:00,,,,,,,,,,,,,,,,,,,,HIGH FALLS,ONTARIO
2015-02-22 08:00,2015,2,22,08:00,,,,,,,,,,,,,,,,,,,,HIGH FALLS,ONTARIO
2015-02-22 09:00,2015,2,22,09:00,,,,,,,,,,,,,,,,,,,,HIGH FALLS,ONTARIO
2015-02-22 10:00,2015,2,22,10:00,,,,,,,,,,,,,,,,,,,,HIGH FALLS,ONTARIO
2015-02-22 11:00,2015,2,22,11:00,,,,,,,,,,,,,,,,,,,,HIGH FALLS,ONTARIO
2015-02-22 12:00,2015,2,22,12:00,,,,,,,,,,,,,,,,,,,,HIGH FALLS,ONTARIO
2015-02-22 13:00,2015,2,22,13:00,,,,,,,,,,,,,,,,,,,,HIGH FALLS,ONTARIO
2015-02-22 14:00,2015,2,22,14:00,,,,,,,,,,,,,,,,,,,,HIGH FALLS,ONTARIO
2015-02-22 15:00,2015,2,22,15:00,,,,,,,,,,,,,,,,,,,,HIGH FALLS,ONTARIO
2015-02-22 16:00,2015,2,22,16:00,,,,,,,,,,,,,,,,,,,,HIGH FALLS,ONTARIO
2015-02-22 17:00,2015,2,22,17:00,,,,,,,,,,,,,,,,,,,,HIGH FALLS,ONTARIO
2015-02-22 18:00,2015,2,22,18:00,,,,,,,,,,,,,,,,,,,,HIGH FALLS,ONTARIO
2015-02-22 19:00,2015,2,22,19:00,,,,,,,,,,,,,,,,,,,,HIGH FALLS,ONTARIO
2015-02-22 20:00,2015,2,22,20:00,,,,,,,,,,,,,,,,,,,,HIGH FALLS,ONTARIO
2015-02-22 21:00,2015,2,22,21:00,,,,,,,,,,,,,,,,,,,,HIGH FALLS,ONTARIO
2015-02-22 22:00,2015,2,22,22:00,,,,,,,,,,,,,,,,,,,,HIGH FALLS,ONTARIO
2015-02-22 23:00,2015,2,22,23:00,,,,,,,,,,,,,,,,,,,,HIGH FALLS,ONTARIO
2015-02-23 00:00,2015,2,23,00:00,,,,,,,,,,,,,,,,,,,,HIGH FALLS,ONTARIO
2015-02-23 01:00,2015,2,23,01:00,,,,,,,,,,,,,,,,,,,,HIGH FALLS,ONTARIO
2015-02-23 02:00,2015,2,23,02:00,,,,,,,,,,,,,,,,,,,,HIGH FALLS,ONTARIO
2015-02-23 03:00,2015,2,23,03:00,,,,,,,,,,,,,,,,,,,,HIGH FALLS,ONTARIO
2015-02-23 04:00,2015,2,23,04:00,,,,,,,,,,,,,,,,,,,,HIGH FALLS,ONTARIO
2015-02-23 05:00,2015,2,23,05:00,,,,,,,,,,,,,,,,,,,,HIGH FALLS,ONTARIO
2015-02-23 06:00,2015,2,23,06:00,,,,,,,,,,,,,,,,,,,,HIGH FALLS,ONTARIO
2015-02-23 07:00,2015,2,23,07:00,,,,,,,,,,,,,,,,,,,,HIGH FALLS,ONTARIO
2015-02-23 08:00,2015,2,23,08:00,,,,,,,,,,,,,,,,,,,,HIGH FALLS,ONTARIO
2015-02-23 09:00,2015,2,23,09:00,,,,,,,,,,,,,,,,,,,,HIGH FALLS,ONTARIO
2015-02-23 10:00,2015,2,23,10:00,,,,,,,,,,,,,,,,,,,,HIGH FALLS,ONTARIO
2015-02-23 11:00,2015,2,23,11:00,,,,,,,,,,,,,,,,,,,,HIGH FALLS,ONTARIO
2015-02-23 12:00,2015,2,23,12:00,,,,,,,,,,,,,,,,,,,,HIGH FALLS,ONTARIO
2015-02-23 13:00,2015,2,23,13:00,,,,,,,,,,,,,,,,,,,,HIGH FALLS,ONTARIO
2015-02-23 14:00,2015,2,23,14:00,,,,,,,,,,,,,,,,,,,,HIGH FALLS,ONTARIO
2015-02-23 15:00,2015,2,23,15:00,,,,,,,,,,,,,,,,,,,,HIGH FALLS,ONTARIO
2015-02-23 16:00,2015,2,23,16:00,,,,,,,,,,,,,,,,,,,,HIGH FALLS,ONTARIO
2015-02-23 17:00,2015,2,23,17:00,,,,,,,,,,,,,,,,,,,,HIGH FALLS,ONTARIO
2015-02-23 18:00,2015,2,23,18:00,,,,,,,,,,,,,,,,,,,,HIGH FALLS,ONTARIO
2015-02-23 19:00,2015,2,23,19:00,,,,,,,,,,,,,,,,,,,,HIGH FALLS,ONTARIO
2015-02-23 20:00,2015,2,23,20:00,,,,,,,,,,,,,,,,,,,,HIGH FALLS,ONTARIO
2015-02-23 21:00,2015,2,23,21:00,,,,,,,,,,,,,,,,,,,,HIGH FALLS,ONTARIO
2015-02-23 22:00,2015,2,23,22:00,,,,,,,,,,,,,,,,,,,,HIGH FALLS,ONTARIO
2015-02-23 23:00,2015,2,23,23:00,,,,,,,,,,,,,,,,,,,,HIGH FALLS,ONTARIO
2015-02-24 00:00,2015,2,24,00:00,,,,,,,,,,,,,,,,,,,,HIGH FALLS,ONTARIO
2015-02-24 01:00,2015,2,24,01:00,,,,,,,,,,,,,,,,,,,,HIGH FALLS,ONTARIO
2015-02-24 02:00,2015,2,24,02:00,,,,,,,,,,,,,,,,,,,,HIGH FALLS,ONTARIO
2015-02-24 03:00,2015,2,24,03:00,,,,,,,,,,,,,,,,,,,,HIGH FALLS,ONTARIO
2015-02-24 04:00,2015,2,24,04:00,,,,,,,,,,,,,,,,,,,,HIGH FALLS,ONTARIO
2015-02-24 05:00,2015,2,24,05:00,,,,,,,,,,,,,,,,,,,,HIGH FALLS,ONTARIO
2015-02-24 06:00,2015,2,24,06:00,,,,,,,,,,,,,,,,,,,,HIGH FALLS,ONTARIO
2015-02-24 07:00,2015,2,24,07:00,,,,,,,,,,,,,,,,,,,,HIGH FALLS,ONTARIO
2015-02-24 08:00,2015,2,24,08:00,,,,,,,,,,,,,,,,,,,,HIGH FALLS,ONTARIO
2015-02-24 09:00,2015,2,24,09:00,,,,,,,,,,,,,,,,,,,,HIGH FALLS,ONTARIO
2015-02-24 10:00,2015,2,24,10:00,,,,,,,,,,,,,,,,,,,,HIGH FALLS,ONTARIO
2015-02-24 11:00,2015,2,24,11:00,,,,,,,,,,,,,,,,,,,,HIGH FALLS,ONTARIO
2015-02-24 12:00,2015,2,24,12:00,,,,,,,,,,,,,,,,,,,,HIGH FALLS,ONTARIO
2015-02-24 13:00,2015,2,24,13:00,,,,,,,,,,,,,,,,,,,,HIGH FALLS,ONTARIO
2015-02-24 14:00,2015,2,24,14:00,,,,,,,,,,,,,,,,,,,,HIGH FALLS,ONTARIO
2015-02-24 15:00,2015,2,24,15:00,,,,,,,,,,,,,,,,,,,,HIGH FALLS,ONTARIO
2015-02-24 16:00,2015,2,24,16:00,,,,,,,,,,,,,,,,,,,,HIGH FALLS,ONTARIO
2015-02-24 17:00,2015,2,24,17:00,,,,,,,,,,,,,,,,,,,,HIGH FALLS,ONTARIO
2015-02-24 18:00,2015,2,24,18:00,,,,,,,,,,,,,,,,,,,,HIGH FALLS,ONTARIO
2015-02-24 19:00,2015,2,24,19:00,,,,,,,,,,,,,,,,,,,,HIGH FALLS,ONTARIO
2015-02-24 20:00,2015,2,24,20:00,,,,,,,,,,,,,,,,,,,,HIGH FALLS,ONTARIO
2015-02-24 21:00,2015,2,24,21:00,,,,,,,,,,,,,,,,,,,,HIGH FALLS,ONTARIO
2015-02-24 22:00,2015,2,24,22:00,,,,,,,,,,,,,,,,,,,,HIGH FALLS,ONTARIO
2015-02-24 23:00,2015,2,24,23:00,,,,,,,,,,,,,,,,,,,,HIGH FALLS,ONTARIO
2015-02-25 00:00,2015,2,25,00:00,,,,,,,,,,,,,,,,,,,,HIGH FALLS,ONTARIO
2015-02-25 01:00,2015,2,25,01:00,,,,,,,,,,,,,,,,,,,,HIGH FALLS,ONTARIO
2015-02-25 02:00,2015,2,25,02:00,,,,,,,,,,,,,,,,,,,,HIGH FALLS,ONTARIO
2015-02-25 03:00,2015,2,25,03:00,,,,,,,,,,,,,,,,,,,,HIGH FALLS,ONTARIO
2015-02-25 04:00,2015,2,25,04:00,,,,,,,,,,,,,,,,,,,,HIGH FALLS,ONTARIO
2015-02-25 05:00,2015,2,25,05:00,,,,,,,,,,,,,,,,,,,,HIGH FALLS,ONTARIO
2015-02-25 06:00,2015,2,25,06:00,,,,,,,,,,,,,,,,,,,,HIGH FALLS,ONTARIO
2015-02-25 07:00,2015,2,25,07:00,,,,,,,,,,,,,,,,,,,,HIGH FALLS,ONTARIO
2015-02-25 08:00,2015,2,25,08:00,,,,,,,,,,,,,,,,,,,,HIGH FALLS,ONTARIO
2015-02-25 09:00,2015,2,25,09:00,,,,,,,,,,,,,,,,,,,,HIGH FALLS,ONTARIO
2015-02-25 10:00,2015,2,25,10:00,,,,,,,,,,,,,,,,,,,,HIGH FALLS,ONTARIO
2015-02-25 11:00,2015,2,25,11:00,,,,,,,,,,,,,,,,,,,,HIGH FALLS,ONTARIO
2015-02-25 12:00,2015,2,25,12:00,,,,,,,,,,,,,,,,,,,,HIGH FALLS,ONTARIO
2015-02-25 13:00,2015,2,25,13:00,,,,,,,,,,,,,,,,,,,,HIGH FALLS,ONTARIO
2015-02-25 14:00,2015,2,25,14:00,,,,,,,,,,,,,,,,,,,,HIGH FALLS,ONTARIO
2015-02-25 15:00,2015,2,25,15:00,,,,,,,,,,,,,,,,,,,,HIGH FALLS,ONTARIO
2015-02-25 16:00,2015,2,25,16:00,,,,,,,,,,,,,,,,,,,,HIGH FALLS,ONTARIO
2015-02-25 17:00,2015,2,25,17:00,,,,,,,,,,,,,,,,,,,,HIGH FALLS,ONTARIO
2015-02-25 18:00,2015,2,25,18:00,,,,,,,,,,,,,,,,,,,,HIGH FALLS,ONTARIO
2015-02-25 19:00,2015,2,25,19:00,,,,,,,,,,,,,,,,,,,,HIGH FALLS,ONTARIO
2015-02-25 20:00,2015,2,25,20:00,,,,,,,,,,,,,,,,,,,,HIGH FALLS,ONTARIO
2015-02-25 21:00,2015,2,25,21:00,,,,,,,,,,,,,,,,,,,,HIGH FALLS,ONTARIO
2015-02-25 22:00,2015,2,25,22:00,,,,,,,,,,,,,,,,,,,,HIGH FALLS,ONTARIO
2015-02-25 23:00,2015,2,25,23:00,,,,,,,,,,,,,,,,,,,,HIGH FALLS,ONTARIO
2015-02-26 00:00,2015,2,26,00:00,,,,,,,,,,,,,,,,,,,,HIGH FALLS,ONTARIO
2015-02-26 01:00,2015,2,26,01:00,,,,,,,,,,,,,,,,,,,,HIGH FALLS,ONTARIO
2015-02-26 02:00,2015,2,26,02:00,,,,,,,,,,,,,,,,,,,,HIGH FALLS,ONTARIO
2015-02-26 03:00,2015,2,26,03:00,,,,,,,,,,,,,,,,,,,,HIGH FALLS,ONTARIO
2015-02-26 04:00,2015,2,26,04:00,,,,,,,,,,,,,,,,,,,,HIGH FALLS,ONTARIO
2015-02-26 05:00,2015,2,26,05:00,,,,,,,,,,,,,,,,,,,,HIGH FALLS,ONTARIO
2015-02-26 06:00,2015,2,26,06:00,,,,,,,,,,,,,,,,,,,,HIGH FALLS,ONTARIO
2015-02-26 07:00,2015,2,26,07:00,,,,,,,,,,,,,,,,,,,,HIGH FALLS,ONTARIO
2015-02-26 08:00,2015,2,26,08:00,,,,,,,,,,,,,,,,,,,,HIGH FALLS,ONTARIO
2015-02-26 09:00,2015,2,26,09:00,,,,,,,,,,,,,,,,,,,,HIGH FALLS,ONTARIO
2015-02-26 10:00,2015,2,26,10:00,,,,,,,,,,,,,,,,,,,,HIGH FALLS,ONTARIO
2015-02-26 11:00,2015,2,26,11:00,,,,,,,,,,,,,,,,,,,,HIGH FALLS,ONTARIO
2015-02-26 12:00,2015,2,26,12:00,,,,,,,,,,,,,,,,,,,,HIGH FALLS,ONTARIO
2015-02-26 13:00,2015,2,26,13:00,,,,,,,,,,,,,,,,,,,,HIGH FALLS,ONTARIO
2015-02-26 14:00,2015,2,26,14:00,,,,,,,,,,,,,,,,,,,,HIGH FALLS,ONTARIO
2015-02-26 15:00,2015,2,26,15:00,,,,,,,,,,,,,,,,,,,,HIGH FALLS,ONTARIO
2015-02-26 16:00,2015,2,26,16:00,,,,,,,,,,,,,,,,,,,,HIGH FALLS,ONTARIO
2015-02-26 17:00,2015,2,26,17:00,,,,,,,,,,,,,,,,,,,,HIGH FALLS,ONTARIO
2015-02-26 18:00,2015,2,26,18:00,,,,,,,,,,,,,,,,,,,,HIGH FALLS,ONTARIO
2015-02-26 19:00,2015,2,26,19:00,,,,,,,,,,,,,,,,,,,,HIGH FALLS,ONTARIO
2015-02-26 20:00,2015,2,26,20:00,,,,,,,,,,,,,,,,,,,,HIGH FALLS,ONTARIO
2015-02-26 21:00,2015,2,26,21:00,,,,,,,,,,,,,,,,,,,,HIGH FALLS,ONTARIO
2015-02-26 22:00,2015,2,26,22:00,,,,,,,,,,,,,,,,,,,,HIGH FALLS,ONTARIO
2015-02-26 23:00,2015,2,26,23:00,,,,,,,,,,,,,,,,,,,,HIGH FALLS,ONTARIO
2015-02-27 00:00,2015,2,27,00:00,,,,,,,,,,,,,,,,,,,,HIGH FALLS,ONTARIO
2015-02-27 01:00,2015,2,27,01:00,,,,,,,,,,,,,,,,,,,,HIGH FALLS,ONTARIO
2015-02-27 02:00,2015,2,27,02:00,,,,,,,,,,,,,,,,,,,,HIGH FALLS,ONTARIO
2015-02-27 03:00,2015,2,27,03:00,,,,,,,,,,,,,,,,,,,,HIGH FALLS,ONTARIO
2015-02-27 04:00,2015,2,27,04:00,,,,,,,,,,,,,,,,,,,,HIGH FALLS,ONTARIO
2015-02-27 05:00,2015,2,27,05:00,,,,,,,,,,,,,,,,,,,,HIGH FALLS,ONTARIO
2015-02-27 06:00,2015,2,27,06:00,,,,,,,,,,,,,,,,,,,,HIGH FALLS,ONTARIO
2015-02-27 07:00,2015,2,27,07:00,,,,,,,,,,,,,,,,,,,,HIGH FALLS,ONTARIO
2015-02-27 08:00,2015,2,27,08:00,,,,,,,,,,,,,,,,,,,,HIGH FALLS,ONTARIO
2015-02-27 09:00,2015,2,27,09:00,,,,,,,,,,,,,,,,,,,,HIGH FALLS,ONTARIO
2015-02-27 10:00,2015,2,27,10:00,,,,,,,,,,,,,,,,,,,,HIGH FALLS,ONTARIO
2015-02-27 11:00,2015,2,27,11:00,,,,,,,,,,,,,,,,,,,,HIGH FALLS,ONTARIO
2015-02-27 12:00,2015,2,27,12:00,,,,,,,,,,,,,,,,,,,,HIGH FALLS,ONTARIO
2015-02-27 13:00,2015,2,27,13:00,,,,,,,,,,,,,,,,,,,,HIGH FALLS,ONTARIO
2015-02-27 14:00,2015,2,27,14:00,,,,,,,,,,,,,,,,,,,,HIGH FALLS,ONTARIO
2015-02-27 15:00,2015,2,27,15:00,,,,,,,,,,,,,,,,,,,,HIGH FALLS,ONTARIO
2015-02-27 16:00,2015,2,27,16:00,,,,,,,,,,,,,,,,,,,,HIGH FALLS,ONTARIO
2015-02-27 17:00,2015,2,27,17:00,,,,,,,,,,,,,,,,,,,,HIGH FALLS,ONTARIO
2015-02-27 18:00,2015,2,27,18:00,,,,,,,,,,,,,,,,,,,,HIGH FALLS,ONTARIO
2015-02-27 19:00,2015,2,27,19:00,,,,,,,,,,,,,,,,,,,,HIGH FALLS,ONTARIO
2015-02-27 20:00,2015,2,27,20:00,,,,,,,,,,,,,,,,,,,,HIGH FALLS,ONTARIO
2015-02-27 21:00,2015,2,27,21:00,,,,,,,,,,,,,,,,,,,,HIGH FALLS,ONTARIO
2015-02-27 22:00,2015,2,27,22:00,,,,,,,,,,,,,,,,,,,,HIGH FALLS,ONTARIO
2015-02-27 23:00,2015,2,27,23:00,,,,,,,,,,,,,,,,,,,,HIGH FALLS,ONTARIO
2015-02-28 00:00,2015,2,28,00:00,,,,,,,,,,,,,,,,,,,,HIGH FALLS,ONTARIO
2015-02-28 01:00,2015,2,28,01:00,,,,,,,,,,,,,,,,,,,,HIGH FALLS,ONTARIO
2015-02-28 02:00,2015,2,28,02:00,,,,,,,,,,,,,,,,,,,,HIGH FALLS,ONTARIO
2015-02-28 03:00,2015,2,28,03:00,,,,,,,,,,,,,,,,,,,,HIGH FALLS,ONTARIO
2015-02-28 04:00,2015,2,28,04:00,,,,,,,,,,,,,,,,,,,,HIGH FALLS,ONTARIO
2015-02-28 05:00,2015,2,28,05:00,,,,,,,,,,,,,,,,,,,,HIGH FALLS,ONTARIO
2015-02-28 06:00,2015,2,28,06:00,,,,,,,,,,,,,,,,,,,,HIGH FALLS,ONTARIO
2015-02-28 07:00,2015,2,28,07:00,,,,,,,,,,,,,,,,,,,,HIGH FALLS,ONTARIO
2015-02-28 08:00,2015,2,28,08:00,,,,,,,,,,,,,,,,,,,,HIGH FALLS,ONTARIO
2015-02-28 09:00,2015,2,28,09:00,,,,,,,,,,,,,,,,,,,,HIGH FALLS,ONTARIO
2015-02-28 10:00,2015,2,28,10:00,,,,,,,,,,,,,,,,,,,,HIGH FALLS,ONTARIO
2015-02-28 11:00,2015,2,28,11:00,,,,,,,,,,,,,,,,,,,,HIGH FALLS,ONTARIO
2015-02-28 12:00,2015,2,28,12:00,,,,,,,,,,,,,,,,,,,,HIGH FALLS,ONTARIO
2015-02-28 13:00,2015,2,28,13:00,,,,,,,,,,,,,,,,,,,,HIGH FALLS,ONTARIO
2015-02-28 14:00,2015,2,28,14:00,,,,,,,,,,,,,,,,,,,,HIGH FALLS,ONTARIO
2015-02-28 15:00,2015,2,28,15:00,,,,,,,,,,,,,,,,,,,,HIGH FALLS,ONTARIO
2015-02-28 16:00,2015,2,28,16:00,,,,,,,,,,,,,,,,,,,,HIGH FALLS,ONTARIO
2015-02-28 17:00,2015,2,28,17:00,,,,,,,,,,,,,,,,,,,,HIGH FALLS,ONTARIO
2015-02-28 18:00,2015,2,28,18:00,,,,,,,,,,,,,,,,,,,,HIGH FALLS,ONTARIO
2015-02-28 19:00,2015,2,28,19:00,,,,,,,,,,,,,,,,,,,,HIGH FALLS,ONTARIO
2015-02-28 20:00,2015,2,28,20:00,,,,,,,,,,,,,,,,,,,,HIGH FALLS,ONTARIO
2015-02-28 21:00,2015,2,28,21:00,,,,,,,,,,,,,,,,,,,,HIGH FALLS,ONTARIO
2015-02-28 22:00,2015,2,28,22:00,,,,,,,,,,,,,,,,,,,,HIGH FALLS,ONTARIO
2015-02-28 23:00,2015,2,28,23:00,,,,,,,,,,,,,,,,,,,,HIGH FALLS,ONTARIO
